617055229
601160696
602609136
601076538
600622316
603261816
618542860
639509543
643201043
608510378
613555582
625961146
616359001
616081937
602873620
630028008
618408549
616485670
644522649
608096002
607567817
600796997
618361109
611260206
628072253
608647801
620878921
617364689
601137764
611546630
616167235
623833500
635848825
600622429
626329309
639815038
611493406
616464837
617385422
616098045
616608268
617055798
616193161
614065984
602710537
637590761
616391554
616391550
600592161
618467393
617046467
600256348
603101602
616677194
616528476
617392222
602282077
617045661
616774362
603101576
601789022
630033563
616623555
604024087
618437087
617047386
628741507
607560261
639131295
616464553
600527270
632497966
618642229
643035241
600729003
618625290
618391801
616620109
617209474
617409643
635842729
616626190
618843872
618797036
618637098
601671192
615893920
603290129
601842680
617044798
616058348
607560484
617055474
617053761
609712021
630833754
600036834
603209838
601710880
614138633
616624036
616464728
616605857
611219636
618360843
608387657
618808994
622272144
618714292
603275106
601658604
631337693
616990224
616434710
623009599
618340378
616094107
607567693
617045777
600710953
600556827
625949624
643035154
616129537
642304474
615743759
616359090
601063437
638317797
618377663
638871245
616464547
616731396
623012842
601399172
619107380
603213522
616722762
621326454
616128186
600026473
602711055
639509537
616722619
616722613
617209460
615855894
618364973
601308810
602881667
616464731
639702648
617294809
614979015
618441427
618717302
618524949
615743800
618524606
617982171
619057918
614111448
616686509
619025122
621243819
618360867
615702477
616884641
601725099
617055716
616082004
616895946
616696547
616156707
604603865
603102749
615895746
601842675
618808990
617058180
616479240
600021459
601146041
616119359
618533639
615769767
637730176
621243836
600021563
616081860
616747077
618524950
616464851
611030631
612016453
630033944
616677158
616826252
618394275
643032873
616676163
616433861
600045710
601066261
619496320
613734441
616677332
615907820
617434300
611546440
618731178
616803781
619043603
600131044
