623065693
601402512
600850060
617054502
641139654
600119182
626331034
638991681
601513682
616990296
615893723
637602098
637601397
616623389
618404023
624967451
623029402
617423270
618383720
614061857
626434285
618427862
616261778
604149515
614054442
617340043
600874463
616081242
604594853
609725559
600854180
614142231
607560230
613553797
637590163
615576001
637354920
617339789
617431252
600040214
607237101
614045339
600028589
600804951
619695604
600662243
616307534
601168775
617424618
617203501
613663301
618299413
618392655
602290752
618411394
617287450
618779819
600161003
617338129
617340260
615612475
601111030
618240536
623787803
611332274
607526681
601166787
613870540
614971169
618835050
637496597
618429400
616290254
617277731
643025525
615757219
611181024
636762587
616158866
613869620
618404008
630325757
600196181
602819893
621243838
612043311
601077700
616545912
600013667
619695727
637601343
604605196
617055199
601447357
641145061
616722806
623492243
616622453
600655005
615704349
616545877
616528484
600821067
621513648
615935742
613870830
604594810
604594805
602881488
615817869
614921201
618808986
616705485
613871081
601108685
602540657
643031462
604410529
614955461
617977847
604008632
618386591
607238510
601657789
601003717
616201201
614067434
617339764
617431785
600350012
617105728
616167228
639672728
617339777
618968591
600804950
608691156
643033563
616624124
601356062
601189464
601189462
614375566
601213857
640298550
616128250
615885149
617431467
616207313
618392459
637590127
616392053
600925968
616078291
601084340
615692776
601023226
601031752
614054333
618240094
618361020
600011527
618392489
600888823
600549183
617046734
618855385
614142466
616293893
630015906
600933629
608483717
618683874
618366788
616750476
600222900
640628830
618867472
617604180
637276061
637212231
617054661
618442790
639884780
618809003
613937688
616531035
600799861
618677666
600473046
602290786
617324999
604024193
601189470
600822218
600968904
600040230
618384418
616710815
641145473
614972460
618247252
639130622
615651981
600850051
623173267
643034861
639672732
639672733
601668446
621326453
616885430
618442743
611294375
616290423
616359083
600834763
623529379
600925947
601176424
618861847
616464788
615705461
616609422
616091081
618360936
624963423
616036252
602092928
616739559
618763385
617977664
614921430
618429330
616739334
638576887
601278427
608741267
611332270
618788678
601175864
617339836
608233720
637669895
613862399
617339814
615649862
617431668
602080130
616001262
613613665
617203301
618240409
613797948
618428708
605622351
601240316
616722887
610991094
600991968
619025702
600770182
613663316
618098802
601194289
618293931
618408462
600794905
616392346
600656361
607550022
607325507
623758856
618009287
618392429
618365974
637590103
616358957
623654819
616545883
617046673
618961694
600586580
618464678
600802083
600802087
