644844636
621523988
618442945
618769355
618769352
600313096
618429428
619025481
600994153
618428637
617045753
616684978
618410525
617132170
601109499
618498035
618796470
638693879
640086912
616879307
616805022
643199270
603410130
600021294
621339804
618442729
617046849
618388108
624985703
604213017
615878279
618367338
604128933
617430977
621468564
639912205
618701424
618394828
618394826
618365954
617114164
615756780
618450277
604404712
603186159
618004560
629457736
639129254
636743582
616433831
618396578
600882282
618361100
608080294
616359087
611260194
611063086
618230110
610292244
600052611
600672874
600672879
600582702
602154825
602575161
616575478
617283217
639355346
637590029
618625441
601109481
617395089
601045317
643034969
601189298
623685602
618980116
616990157
618240357
613613239
615771365
618004741
632814136
616529327
611114362
610292149
613542628
630533070
600021478
601693971
618365718
617349389
602851365
600850105
618132014
600704872
611191153
630046100
616739607
617390618
608063908
616434056
617339672
618429382
618367486
607236103
643034836
608742762
616630699
614076719
617335371
600933794
603656573
624128087
617324777
608728671
643032869
601628641
643032860
617430827
601032871
601200001
618005123
601216337
618714232
616344285
602116845
608806996
618229917
618442958
601329578
623884532
600027190
615705481
611181022
641145292
618361122
613662626
616715919
600849320
601841918
600746717
613555335
602851465
615577560
602071620
601670868
615782707
616142977
607552154
615994926
617197146
622352320
617203271
617045698
600130804
601438214
618867418
617209663
618232491
600021316
616739421
604008633
616739425
600117852
607238511
604100102
617045879
617194223
600028525
643033561
643033564
614942307
602713844
617349367
624902816
619697933
611192088
600247913
623012593
607325196
619353423
619111199
602691846
601116937
614920469
615872808
601456864
618835536
600161008
630170355
614921672
617045484
618611532
618888191
613612508
618004517
618867525
607324367
618595465
602289511
616723284
618387455
600021394
600021390
602683651
616739372
618230808
618880627
618497739
601656285
639332338
618411400
616343131
607324376
618880631
601108915
617202450
618401557
618008992
616826356
613869688
616233935
616233930
625910647
613621109
618342523
617339788
617338868
601525743
617338854
600969990
618404022
619695598
614952708
616581832
607324384
607324382
601104589
600874462
613869592
617432435
