620943603
616581774
637746043
617058096
619695292
630046988
617045516
616608503
600765721
616990031
618983703
640493566
607635986
617172980
630065180
618972787
615803790
602757353
618497464
616722771
613961038
613912485
601985630
618878820
618635470
614996768
636784789
601950103
621468565
616307722
627004271
644208311
604387683
618717287
617332475
618383413
618778756
639679378
638555016
614971337
615963320
603724360
604023875
603299785
607550701
616626192
615994112
601139522
607566098
618606468
601923297
601923299
610734975
611151688
616988656
619107285
616224142
608541262
616471331
615749212
618362936
615744186
616718266
619111372
616990219
616990211
622328534
616344458
617025071
616980664
603665939
618906421
611063250
611148067
616722831
607201795
630081897
637275915
611971278
613663594
614083831
607187534
607561267
616990228
607185981
613774184
628534813
615804177
621243811
604313605
624959432
630029198
602134339
616006649
616827371
616827374
641142369
607326277
615647190
618734370
624972581
617113986
611150954
600396702
621326447
601837877
603887048
618364510
607241768
607241766
603657529
608489223
613554668
613870248
608184991
616739275
616925523
642377591
617047284
617047288
608536099
643030937
643030931
616224139
616748242
618732271
630047259
604334204
617259759
614214288
611490213
616739530
608725762
619625677
613690579
604499920
616581567
622397138
600022196
616434052
641141057
637745329
636740911
614027556
616629494
616826312
618399518
618240622
608212792
615962877
601249423
616128248
602696708
618986835
618341855
618667282
610988886
607187527
607187522
617932961
603668133
618131737
615673484
611362293
601404903
610722670
616232469
608519854
613872563
637363570
611023843
616990232
611148510
607628230
601510988
618728785
617072086
615757230
616434080
608348051
603717069
616487537
611152061
615779568
611190625
616359162
610722665
616623180
619107294
603357031
637518446
618729485
618729487
615958702
618770286
622624817
613781203
643033589
616920376
619111354
630044866
643034739
619107053
602851778
603922416
639355345
609718456
616739484
613621349
600045719
613868758
618732521
618984905
607560293
615747431
637148154
623525380
616359317
625004092
643034885
616093089
643666947
603724947
615804158
604589642
617159581
601292777
615887643
613766138
604327750
619111377
616344443
608097772
628989651
617156771
616990151
603887049
603797117
607560215
613728448
600418384
615653222
630931905
616094135
611154809
618700323
600623930
617294369
616714030
611451254
616890742
608420876
616260590
618637097
637296213
616624118
616827123
615845508
615857591
615963298
615820478
640489827
618342597
611151125
603722719
618420315
628503362
637249507
616722768
617047426
608479925
617197458
618341820
604214214
615652430
610296567
615965559
616259577
635583712
604439004
616585779
615003370
