636143042
616359129
607179392
608517496
604038154
621025325
617418630
616005245
615673373
630208270
602080151
611208551
602374918
604627660
613941255
607186348
618240885
615652870
637745784
616718691
614123515
618364493
602541439
615962286
607662585
643393117
627148079
637745719
636786124
616723916
616475775
616433955
633009455
635953228
607635991
616359074
613996649
637691185
618765117
614960187
607218773
602079929
601249180
613993843
601231070
614041625
613975186
614059226
613965762
614041328
614000847
614059377
613965559
614042289
614042389
614057809
613975331
614041311
613966284
613975284
608844156
608830468
610280675
610281829
609671164
610981390
609665763
609683773
614054020
613976683
614057783
604023652
616474795
615761661
618363418
617115735
617116088
617300184
617115890
617390350
617390603
615758805
600475013
618714629
618719138
618730900
618730910
619005150
600413733
619025633
603240435
621517467
621517836
603238694
611152715
621517465
603797059
603797053
603797056
616797746
615757250
607629452
611151171
611153856
608555563
639532264
602863543
623879266
608781255
618597853
618835909
617209538
630046750
616293915
616293913
616359140
616006825
619778955
643733519
616739586
601082790
601833588
604076306
616488698
616827049
604482652
602054520
603299781
616693414
617047236
607552683
611112460
607561078
616359135
607560235
607187521
617044514
603797065
613663932
616741992
607628221
600620640
612107885
617363731
608780823
601788750
617349347
603923139
603994327
613764358
613764357
611201099
621512683
643769046
616826876
611200532
616359151
636049150
600127624
602193262
640663669
600365156
614975317
613869957
616359523
616334471
602254419
603685022
614059387
607186773
643034452
603238644
604627659
616739495
617047694
618402634
602289514
641177302
616585412
611200541
636873176
619107091
602714739
608176275
643030925
617338070
644971975
616359172
619107383
607560195
618796264
607217912
603585840
604441146
615756608
611333418
601377617
607187505
617203263
601157066
625350863
603717135
617237807
616748241
616433796
611190516
602060364
618797017
628143792
601864000
636789948
618890195
611201453
607247680
616474590
618341842
618363782
610286645
616529342
615595162
643030929
616474638
638188069
616359147
616006846
616006847
611546464
641725638
618882841
603974202
613979691
618347902
615652875
611148089
618935112
615689313
601706865
616231460
636865762
607194942
604110718
613974747
617203509
617499798
613975091
615652796
615659368
614054170
602720758
616474827
616433869
601845520
625670998
