615962413
600402271
618342708
603153023
607561100
644147176
600559824
609711592
616920054
604555080
611153428
602699391
601865888
603565751
640489933
616391803
641648180
607241281
604023870
615981086
616434713
604024203
614030704
608520123
623082315
611419725
602618874
616581510
643770807
603657530
600406901
607186844
628134615
617052735
601528537
614391699
604076809
613645008
607188001
604600165
601845793
616826558
601324524
601662337
608080315
619111219
600168851
637145606
615962264
616309560
602512590
613961069
624959861
607179398
618876359
603182366
615600725
616828800
616627957
618496967
616739491
600802084
600802086
615704348
615680034
640494628
611139265
618742965
617047697
604555079
630055983
608447227
608447220
618765135
607629436
616128187
615658758
615962321
601515051
608427187
616201894
615724967
601245589
602546454
608697788
600221278
616319164
637745187
613982268
616359019
625004082
616723914
616359235
618363936
614089322
601475053
615965334
614026138
608063854
603099633
609719071
602092846
614009496
637275919
616748122
615704333
616434895
615962951
600074707
615761231
608688495
616307755
604010589
616103954
615980694
622683943
607552668
621194509
616234502
618349506
613766442
616359028
600045708
608530501
604025802
624962604
603587563
616668238
607708780
618361065
616485870
617193749
619111016
607560267
603320066
609657243
616420124
600427512
607186557
643174318
619111549
607187526
600590950
616705733
643770588
618363845
603734523
616344465
616750190
608743925
600016167
618360937
604076810
611148209
618499862
608489195
635945033
611333425
609725555
616828817
629710689
610776405
616372552
615678011
618420136
639131877
604010590
603797120
616920475
602080135
613612845
618728306
615980685
618607241
607731242
617169782
603724396
600021304
616826547
604028783
618729489
604557073
637474842
615673316
642921301
618131573
637746103
616833173
636684825
643034425
617356531
602056340
623009567
618363921
619107268
616307281
615982098
615781377
603357237
636177291
617209530
636660281
601276229
617209432
628106959
643030930
615844174
600851328
637408870
624959510
604286169
627842012
602869494
629717088
604409279
616475782
616201125
626416945
611554910
643035181
618363431
603797104
608565916
613658969
616722119
616040430
618634060
602714736
614925151
607246630
607584033
604499320
617356522
615953492
613743945
637321979
607190411
613970131
614969076
619111552
619111553
618340491
644801585
616527603
616005249
611151730
617047354
600221277
615761258
616950435
618942615
608456097
619111221
616081919
601096317
601663315
619111543
603351857
607187524
607187520
