601032886
600848584
617982158
618231397
600424697
613552254
613552255
615818444
607671515
639505718
616391965
613645485
638486432
618471259
616099595
603713395
602730900
616679023
644659700
601781924
644891567
600618760
611430897
616464569
618740849
616621766
637601947
600424918
618941170
623492252
603220366
601531977
624963450
617338791
608785072
601248386
616885588
603290176
626142465
600624281
601603127
617300182
600938189
618377670
643534240
626344477
618634961
617328610
607733873
616826586
618545673
621571780
623492241
616739649
616739645
618730694
616464844
618769287
600673546
615794871
618442756
625833123
638609298
601329580
616679198
616990266
616464742
641177550
630070958
616113450
611219595
617289297
617353875
614077500
600036830
611151090
617055231
616620042
603915898
618293244
616523432
607186293
616434706
614089560
603249941
600885643
600885641
626344481
618428026
617353401
600956917
618467365
603376193
616688309
618555258
603300495
607730838
626426948
600747471
617255345
601284714
618432494
610705541
617193877
608383682
618383134
603696992
639997560
600813646
600135217
618360640
616959895
603041484
616105003
630049522
603274635
600386580
613620830
600828098
618351133
615718926
617047196
618418933
621243835
616120541
616623130
616359044
643033553
644208158
643032862
618771995
631066616
616682285
603954566
615878004
628188986
637095375
616711508
637291595
603724731
616621827
616693328
613995559
613937770
617045400
618941077
628164321
615966881
643690346
618983951
616359291
616485314
616677380
618935121
615749238
637136136
637591241
600014174
602079999
618229469
638114288
600854571
615878008
618363797
621067211
607551238
616722765
616529101
618361232
618941478
616359502
618807963
601845522
600490223
618741216
616474834
617340998
601444239
608082691
615613438
600924780
617156558
616433962
616679592
601750213
619695325
617209558
616081814
600011973
601082789
636091072
644622289
618654639
607326278
618367814
618625350
617046961
616722167
614077125
601869097
607549697
608079934
618455344
618763331
601109648
615702481
615962532
630003754
616625040
629432322
616434149
644855797
615892998
613761475
617430826
618769175
618796796
616629491
618867625
636464048
618371648
607632322
604024526
616434042
618419407
638161736
616805014
623464596
601977311
623173269
