613861093
608368044
601053874
630078645
616904237
608542044
618718833
610726406
636177521
615981478
607562420
615757172
608079464
619025598
616693738
616420579
604023817
616485279
611064228
601368647
636790011
616433899
616105710
616433876
607560343
616826298
613737800
609719069
601031170
643033888
601096319
601657629
615804169
602083700
637775514
619104195
604023491
600829892
640493685
614950980
602125406
618732425
615962334
619107165
617047003
601630998
618787301
616904833
619107297
609711928
603797101
636554133
617251897
602054569
601701168
624960276
600827016
600799717
601510989
600045712
603976047
601137777
601137776
603151086
624824669
611546451
616231464
601133982
640494576
602083766
616420582
615704331
615725967
628106961
639529658
629910363
601379983
614086269
607551930
616359273
640489744
629435379
601662362
600343138
639225940
616485328
616485324
616714095
600016165
601246667
616624898
600827020
637797596
602270577
613571880
629204336
608416152
618670501
613601056
616693423
616607023
613661729
614009485
640494667
615770243
616879345
608407878
616545921
603735660
614286976
611430879
629995090
616627944
603966902
603883025
604485332
618611043
604527255
640413944
616920164
616359004
603806405
607560186
601232459
618701425
617239711
616122153
618727973
600279114
611064230
603274634
604015460
616359021
616827405
618796940
638548585
603957656
616581598
607560193
607560191
601070987
604334189
630831000
605577641
638673295
613912476
608443488
604311870
640494986
624932720
615725341
638965578
600025664
618796265
613938318
616485411
616307708
607550242
615652462
602143385
629910358
615724832
616001758
600011023
623529189
602258208
611535303
613663607
601636681
613970120
643033322
607187503
607187500
616420194
603717082
644604407
630037831
601810918
618763229
641141372
616920132
601950097
643033653
601629036
616433743
609667035
637797557
636138231
603805565
608092569
616098283
640494918
617055827
607236087
608520145
635452459
624966290
604328513
608587893
617202489
637140460
615749300
602161299
631337694
619695367
618342792
619111203
616474586
600046823
628531696
615826259
616359183
637768573
615673286
617055143
607560225
619106469
639529721
613941251
643034837
617047279
602936204
616391767
618819219
618854512
600048432
625679541
619025721
601085810
603151537
618778797
604029280
618379706
617317506
607560236
617378330
627004279
618467379
