618340561
616392091
604033503
608495536
607456485
603101649
616183481
618394289
600263281
600772425
618420149
645711684
616528419
600510286
600848583
641841501
617045433
629074256
641142337
617424304
617431793
616219509
637793868
617324766
600226290
603076385
617046746
600759368
617033190
600908093
603100947
615744629
618229243
618005494
641142074
600311549
645104984
602880570
615785349
617982013
617312435
601116927
601032868
614287199
600623931
643025523
618650331
618394397
618982926
618367975
623464026
603581228
616522621
604007893
616703308
618428355
614919832
618360923
618367473
617340234
609711800
638959240
618763361
600924219
618367901
600919536
615726457
618408863
617202442
642257777
615704434
600611126
618001589
600047014
600737894
639663779
618342682
617171556
615002981
618299899
616529443
616625897
616143757
618420844
618240449
600777680
617339701
607237100
600045721
618293702
602873624
600348695
613871033
608692715
641139681
600747472
602855910
602872418
618293970
601031450
603093791
616528520
602280619
617432828
618625923
616677187
604023299
600037464
600767609
611426888
617018896
641139765
618361182
607135400
613611218
609711950
642304516
641142379
618293516
600223130
607567761
613645192
618428038
618240339
607247677
617054947
616661620
618769284
618293366
616676985
600848572
601531972
618937989
601239968
639479559
607185811
602704287
616545957
618493788
618239230
616677260
614003499
617347401
601137731
622584543
600964317
617172703
616119339
615761114
618429377
600603896
618381118
614371023
616434049
603067015
616392153
629706867
618293635
614947114
602174735
628822290
611408935
600644843
617075672
604024034
636666442
639479040
616528300
617977696
616800666
618360871
607646494
616464872
643032871
613870816
631781277
616474197
601169563
645679523
618299848
618392642
604499814
602706167
641139719
618360842
618360847
604023858
615658607
615887547
616081851
603077085
615692736
644844402
618367928
600916328
616474193
607238502
613859425
604024320
618388055
600925739
601065026
618392338
602092934
601864457
600276596
617431858
617982243
607671524
600582914
601161299
601226616
616391702
636793130
643034980
617339765
616723854
607550467
641145097
626349880
617424630
600036697
601166134
615727209
601669840
600188022
600067405
629076046
618429281
604027648
600239646
615872804
618394654
603656666
607661927
602746964
618428369
600800177
617435033
613869613
617430577
600771861
600197761
637289489
618779510
617044466
600671976
618372637
617354347
618625561
601970737
618654638
600869874
607550562
600850030
615743829
618361145
600135214
642304506
616337564
617339714
