637130792
614661730
618884159
631617038
611205289
615964838
637600779
640494935
603555314
613867119
608494543
619111381
603583421
618549373
602959984
616704587
604456238
617209638
616826546
601669842
616826631
618362910
603743315
618363745
608539343
618362952
613543864
607187790
618728838
616581729
604334216
604334213
618796263
603252632
644971397
616828114
616050433
601923296
605623736
601923298
601640022
630077804
618240603
602865538
601515050
601738281
614054037
618728431
617358399
615962915
610287016
616625576
615704302
616827459
611137081
616224133
616826382
610834879
616827391
618730588
601517456
603886547
645105328
601535945
618880787
607186842
619025589
618341807
617045990
616711037
600045714
601862056
619107267
616722750
637691244
616581378
608447223
617044757
607187786
641177613
628531831
616826412
619107052
617209600
611414542
616334467
602095564
601607858
617193053
614121648
600016176
604009570
617932957
637249354
607246628
601497499
607238512
616714503
616722179
607104856
628804986
604549183
602218610
601917774
616827363
624825189
616433951
604334192
616434068
607551324
604399549
616828426
607246622
622396414
637600857
603970945
603970949
602519372
621519948
630069924
636977974
604398726
617045987
600697086
615652869
610726902
601870112
601781059
630065598
611162034
618729478
601272699
616545821
616739659
617194005
607079419
616826638
618935033
610735433
616703939
618816095
615586321
601169565
616207008
616307284
616219606
640489882
618784713
618809495
630834588
604214216
609668083
640073036
607155098
611426274
618796372
616723983
603601589
619111602
616827307
616391930
640493617
616739652
603915582
603915583
601116922
604219360
604387920
624960289
619107271
604439025
603217055
617194210
607204903
607204901
609667031
616545915
607550799
603992560
617045290
618362963
618361033
617328638
619107258
614049151
617197473
616105033
603381280
617384580
617045285
624992452
611154216
615961519
628837111
616739656
611151040
607044276
611527252
601278631
611382732
614039660
618471770
643033740
611153555
615779548
637133884
613734450
613869500
604387986
616050473
616433996
604065309
616936518
616936516
618891965
641648293
616939658
630046011
643724449
602734331
630742773
619695299
630050792
618977528
616359545
604527266
628764665
600593725
615649887
603260817
637240980
639408536
616722950
613678105
617056426
618854402
608720947
607655243
613962421
616827437
603273120
603225279
636121169
604023869
614007997
601279101
641142336
603070244
600046815
637128778
619107298
611148107
625931591
607095751
616359227
616904011
624966185
601488173
614284974
616581573
645105223
604512073
618341948
612026971
615975515
605659399
611385546
613870351
616260094
601784582
618342875
628411233
601664758
616739684
637745589
603724000
615844191
611201106
607583698
602715507
616484422
615978405
637154377
615821317
604311889
610985521
613874749
615630164
608545394
637474962
