616198230
621303565
621711210
644158668
617244876
637895381
608414834
639659131
640494641
611113026
610981252
615653212
615982605
615653279
615653260
603240433
615705439
611505883
627137963
624063501
616905135
601668447
617044853
614965942
600695354
619778963
603351858
613538739
616433739
604173361
614111025
615763096
616474734
642609601
613941294
630318165
640489815
617047037
603915628
601630996
615658955
643673380
636789933
604023490
640494511
615893022
616433813
622819488
616013891
608549666
602697232
628133665
602596542
636792236
613612584
636792321
618796096
604443239
626343430
600933331
613788797
617116076
616748142
611510364
638688345
618796585
607661915
626067101
614955471
603899842
615659379
615998824
608592939
600155518
621517464
613965790
613975280
614058020
613962733
614054163
615595152
615757875
613965845
613975386
613965632
614058062
613966108
613962737
613964117
613966317
613978027
613962699
623696098
613963259
613964539
614057849
613963181
613966361
614011181
614054064
614058104
610990059
611148953
611151095
617398952
617115858
617390308
608369189
617397848
617398978
617397824
608175465
608080284
615759074
618646431
609667039
616359124
641653244
616475437
600282048
641648271
624063641
618784101
608542043
628106957
608549637
607721723
616391945
608564672
617045331
617202412
616474279
624825889
616538674
616538677
604614158
603601077
617300213
607078869
608593012
615893011
611494866
609711738
640494654
618394831
618892573
608079832
616391734
640495003
602374732
619778962
618342722
616718764
614933454
617379737
617044376
616474686
641142068
611004633
635671138
617379007
608515040
603325904
602071667
616722917
618341899
613651977
615939304
616545923
618240905
611552139
611153967
614065707
611403466
