617055239
601869585
641648298
625004078
625004075
611413987
616793088
618961746
614123516
615804751
608838600
612082026
618360731
619695519
602950091
604092552
602880571
619089705
614076212
604526052
616485720
613871060
640605440
636770274
624030944
611063397
639166472
637144797
637393536
618789302
617047181
609665354
613663262
640161827
610743326
616205424
617047192
616581333
644437194
611510360
602290806
609723885
617046500
601866629
624825092
617055786
616826831
615781426
616693741
617055724
631337674
607714445
613766406
600134956
639550085
640494884
613869674
611007406
618910602
615894493
617409282
609711970
601010397
602855680
618362943
600292693
604092577
615830658
643199269
618606776
601794593
616434007
630030594
601045329
617385247
607560401
614109964
643034799
618699199
601594366
637280504
608403929
616309608
614978164
643363352
618796350
631617033
616343093
616714558
613864716
617047040
619089715
617417897
609656794
604024259
616716566
639225958
616206913
604024139
618779746
614054006
615659287
603276648
616433711
641419397
601663912
617046831
602290590
611153049
602681512
637797624
611201114
618361384
615779567
616741989
601426817
608592928
604324769
603235592
615725956
616786901
622551551
643030859
615826350
616748219
616745726
604387919
617055211
616826600
639355391
613542406
603593130
616474632
617202459
615749323
639482231
608132114
609668088
643034775
600748955
603601548
615761143
616261560
616827349
618342862
618498028
636790037
616826665
604032664
618935876
613541921
601616137
618497740
603099580
616359258
617368075
618984779
608715273
616474690
611154682
613560612
611494862
601913888
601232475
629200828
617366257
601626282
623030402
607238501
617154433
610988963
616434010
601097690
615830299
608759228
610989307
618747626
618809090
600029473
601377048
632189912
615652865
616144761
618854429
640590677
618342653
600021479
615954010
613940980
616581347
608593046
640489963
617379016
602854302
619114352
603100958
616878542
617999851
617045425
616522178
602756872
603955316
616827222
616745732
610787462
616745656
616714561
603091855
616939298
606581217
607349238
616307857
601779347
600233441
617055732
604313949
617153939
617055736
618343381
608332168
604214191
604214195
624963716
611451229
618834937
616143315
600386413
643034730
604387216
604387215
611153726
600917252
610971603
643369643
607196690
616433903
615840703
617047168
616787279
609667064
609667067
636091064
