639672729
600052704
617312516
602878137
613609583
618232529
615725360
630050327
617325827
618876395
600569722
620847141
636721251
600616592
618387454
616528353
619701619
643770613
615572847
618983704
616433732
630081751
618366362
618835849
616464573
616529438
618397153
601608123
601842681
616433910
616309664
607552686
618796595
604327703
618239044
615692744
630033817
615724914
618410982
639129228
613938343
600611127
641142119
601129646
609711851
617359697
616433979
600765846
622176527
617055413
602936205
611219586
608725742
600474397
616612789
614005705
619049348
623685601
617046957
618492032
616183923
616207282
638911341
608510381
602872417
617013860
600565764
602116843
608251897
602754003
617047137
600292598
630046444
611306890
618383747
630022713
634659178
616208895
608697364
607096083
616623068
616883666
617331509
619030784
616545855
638134376
638970701
618364479
616677252
618725690
603667867
600028404
618464623
611139273
637408253
639745849
641177260
611150115
616359032
637280572
600510208
601152451
616609047
611152722
639702649
618731322
616126599
600037457
644899819
614005735
639349488
615935675
616128195
624972048
615757197
615718815
602451277
644147238
616392253
600542261
618796412
618667996
618447442
601452170
618524607
621468561
616485521
600747631
618763368
615828554
601111734
600195704
609711991
618450750
627911966
618854446
618729367
618972876
618787353
640833335
603077750
616204547
613644750
607096382
600624578
615809623
618360922
615826343
601644183
627228680
618408528
618365949
616990190
616433824
600624511
618935021
629504449
614972397
640489907
607114270
618381117
600210170
618360908
618525066
630013393
616434045
613547126
641145358
623685595
623685597
619024628
618906908
616433906
603094428
616799307
640490092
618450746
613538681
603225276
611558013
600235010
618880584
