616581354
618363943
601946175
615963533
608555561
638434586
640182087
617047199
608571512
616433758
601629325
608506726
621497265
616484426
621524027
608533260
601511158
604456239
603601283
616307748
616391781
618362916
618699193
600727344
603743316
604214192
618748302
602585260
619106968
607609855
603965612
632012529
618005469
618363865
616874512
605623733
607238507
607238500
603293066
613937788
616828895
643075756
616747598
616747599
615961317
613612827
604121050
625214049
611114069
616950431
615963288
628533958
637254310
603992399
616219968
631317355
616874463
637213809
607248392
629500700
616344302
616344307
642284200
615653241
638587576
600544926
610287513
601347761
611490425
616307752
631964122
607186828
607196585
607196586
619840218
621409273
617373171
639545092
639657009
615653268
607179397
607179395
601842682
615653206
615756881
602237794
608609273
615659211
617030647
615599620
615653215
637895378
639202259
618341705
615659276
616143923
644251851
618793613
639670496
637775506
639466075
637746253
614077137
627137962
604485716
617031972
639259212
618977356
611167329
634479334
637894618
616874494
616359160
607236086
601168696
614111718
616343925
602070545
608691899
