617339734
617431693
618366820
629259117
613869737
617974784
641142181
643141432
600804934
600804933
613662099
600608898
616714337
616722804
602464090
600026557
618387766
601535605
607246625
600659933
602217685
615002977
602396829
601644244
624902833
617045441
617243453
600277422
601532086
607185978
607666735
618097017
609711628
641142360
600850269
613916207
637602194
614295344
615655693
600155428
601248302
618231765
601130220
600215258
618442664
615976306
616358963
616308200
616545871
607324377
618428678
601228597
604337664
618394667
632497979
618293802
600257257
601130221
617312912
607324385
618625555
616739369
614977834
613871026
607525716
607246621
617339702
617338775
600954718
616739391
643032880
611533502
616389867
617149510
603277107
600248246
617431152
600454835
607076975
603144364
616392057
617432439
616739379
615950779
618360800
603218616
616545830
600850072
607560514
609703650
617433405
617338749
641142298
617283785
613689502
600704009
616705488
618366770
618647945
600779379
638051975
607567860
607238504
617325306
600021313
616344344
618009195
601147136
618595637
618365996
642750107
600559000
601065854
600198276
603041482
618428588
618392164
617046599
618365736
601200795
600025041
617096438
600026535
630703167
616545889
600919164
617998613
600925595
604603420
600853096
618300170
601130222
601130223
600254579
618388109
601031741
600429579
602183886
618625421
607241284
601838947
600613903
601138263
600984851
618835610
618230345
600645851
617390552
618300117
607247699
618428681
600821063
637602290
618293737
641142320
603041481
602299702
601032872
603656543
602274148
600877535
600035734
602834153
602734807
615950789
601782710
603100639
618906949
623890633
617048949
603209887
614350492
617169982
608420871
616719400
617238584
602524159
616715916
617045481
621510458
601110276
616719403
623030365
603921300
616545846
615950795
617138947
615722649
604029891
607133959
616627890
618866545
602079925
616718038
615950780
613663909
602881626
605577916
617045535
602061040
616739302
615722673
