608593672
630001805
616545861
616661337
615982538
603735873
604485715
602056212
614933455
604506819
608214582
601333965
618910598
616183330
617172657
617030548
604609119
618342570
604069664
636049159
627763434
616391882
608328071
616359279
611190682
608358231
607058868
616307302
616826396
617213561
602706470
608593118
616359014
637308309
616141829
607248385
607248387
607248382
637745394
618362923
607186832
613721541
604505672
601739043
616545816
601749351
602113629
616622092
607324379
603717447
615599083
601330135
613944923
610295821
611293940
611004648
617363558
613601777
614965725
602080120
619111391
624962793
625656064
616391633
616827094
638668480
641177592
609711714
604034545
618934978
616391695
601046278
613662659
618363775
607241764
624926185
614965974
617379055
616434112
602092930
611530884
608300719
619106470
607186846
608519847
623031839
615819699
601864361
603583415
604507403
625507978
600211580
616747383
619147516
601869741
611548864
615652432
618595502
601300636
603922405
613870596
619107262
602094710
601713652
601470787
616434024
603039549
607201794
604439013
618240547
617418432
622398613
607186824
618888335
616433982
643033568
600798055
616739477
608812796
616711038
611363838
611186986
603965611
626359259
611430886
616359266
611430880
615730623
616751656
619107376
619107371
616420116
615659331
603117033
623879235
624962824
610971712
618364522
601773834
611112471
613730100
601659849
608688545
618363872
608227444
601783519
636138228
613995129
602868304
613743868
616740917
636696188
608364945
621829353
607235363
637600753
602720311
617294296
616391799
640490011
604023755
616434073
604439017
604439012
613885581
610991683
608447218
608447225
607187789
619111392
607187788
616005352
615609997
618606857
604324750
611151507
629910359
615781996
615965092
607187498
608044386
610807209
617259266
631337673
615983349
630011932
643034342
613658938
601822370
603314273
611519999
604526051
601538244
616958781
602881624
630047217
601927261
613912484
613912481
609670525
616826403
641141264
615962946
601820064
616391980
643770449
604024541
603105743
615997832
618471790
626316102
601564602
614288078
637745654
619104196
601816358
618342543
615652686
626413678
615961500
611003697
611153885
602136929
609797416
601513673
608533237
607186852
611181065
623031925
617355598
602092848
602092845
616208866
604028791
615624984
617332780
611190679
600709580
618934906
601641654
619104170
611557119
630050813
616705738
608070824
619104209
603725343
607239410
614978217
638978252
616826593
617209575
630011830
616359244
602719961
608603516
619107311
630056698
603271890
624932669
640054560
614004936
611381377
613937997
618892586
618892587
602891409
616920339
601948429
617045237
602004010
618730621
616920242
611382724
618984642
604527254
640490117
607186838
600161009
611148051
616920163
616434014
619104201
611390488
608213911
622359092
608545085
603690076
601096065
617384600
603886527
608564656
618363765
638203504
618360446
608081300
624994148
617047351
611381869
608700622
616359107
611331836
630013643
613772395
618878819
613754044
604439005
616005181
637139977
628535821
603262624
615649400
604024027
607561273
616359238
601705886
616359192
624107910
616829788
616433864
604563854
601485766
604023427
616359219
619107308
601644250
613538710
611554946
616581288
638419135
616474831
617354155
