601682544
608520114
600233228
617047128
616359066
617014736
601130102
602158253
616545880
637591193
614136360
640086909
616103949
617277703
619004799
602092853
613554637
608442442
618232542
616581936
613714942
616826342
616826486
618962485
602218413
638369710
615659342
615773778
618724960
600925986
617303616
626413189
615743792
615658547
618428457
618730859
631066617
614295570
618363885
614108639
601201883
614975277
624965673
602014406
618428443
615652863
624326585
603274166
607241278
630052720
616082099
619945898
630877695
613870424
608412312
617193454
611408780
638051992
616344444
616621783
616058340
601020946
615596421
608611170
635876909
616487449
643769132
616620156
611381861
607066703
618240408
618491129
619111150
617418639
624212388
623772371
623772374
623772378
602854300
618386616
609711974
615757187
614969607
613645741
614966021
611027495
616925239
615658870
611151523
602736931
630069963
630067967
603657460
618811202
618890122
615896872
624813312
610980108
616434035
616434031
618497112
613870603
615779543
608189987
617055790
616192154
616826565
610988970
616581424
617435141
617907083
640493634
618360237
617423280
615963045
637793762
616827264
610702993
618294052
611011833
600925992
639477203
616434108
641177427
616485514
615761125
615600718
640493668
601091162
603965716
643744342
618641431
618888443
600383340
615892991
623185829
617045323
636049155
600624503
611288367
614970637
608414173
621326452
616706948
607660655
604311869
607170535
608544461
603237926
618408945
611550723
608339348
618890300
615993078
618524854
629010640
600040211
639702645
629028914
616234499
600021474
643034396
614044161
601788748
601788749
618752040
610990374
629234248
604027787
601307155
607640207
601431394
613610504
616185288
617055101
617340994
639226005
600018466
607560185
603695866
611129230
617045389
617982089
630028660
631725163
604030147
621243810
623492251
616528303
600434565
618599557
616895936
618730688
615963309
600048480
614009474
616359173
617209542
607561268
600798045
604404713
615692708
640490066
618004893
607237098
625608043
607237090
618934924
615781898
603084732
617197465
618001621
618720793
616826731
608520130
637590953
617340329
602526342
630030127
604509358
615830239
616920241
608303540
602734332
644800177
600510204
616895073
602060381
618944391
623520945
642310577
604528122
616581723
613838583
617047292
616420598
600622426
616129667
615965275
607247672
615962522
616545800
616829205
617209332
616464790
617047058
616004645
618343518
610727735
604081649
617045318
611451261
604009447
607560265
641139645
613667702
600059731
604387255
617055243
604327702
644801478
618911342
616830272
616826883
622067964
