603797098
600260130
616001261
616618111
616389793
617253481
607185972
643032965
610743261
610743262
615705469
615722060
616234613
616731393
619007429
618854812
617058184
617055159
614972473
627940983
621510459
607246627
615692790
600348694
618876399
617055409
618683869
618795900
618429349
611001173
616344280
601167741
616528473
637601695
618098810
600763449
643033559
616988742
618498054
613743931
617430749
600763522
600593894
616529323
618937677
644881480
600616616
601693185
618962489
624963432
615821286
613963176
616623692
618867479
601520336
616739313
618880470
616714542
615950783
616710812
615718621
635870498
618866566
615692768
600021469
614940597
642304478
616464890
602809016
637210103
618340694
603886528
617045656
616581738
617045733
616287307
616826375
616677006
618112628
617039207
616059982
615678075
616186207
604603879
615745681
616105610
638161492
613645031
629080402
617209317
625409345
616433923
601061082
616724188
629080429
643740373
618499803
626002674
616117850
616613386
616087772
616696545
616392113
614681904
618434095
637835359
607560392
617324172
616935269
604092589
625825360
625825361
616990254
616990258
614936756
615993057
630043842
616804347
614215369
601400354
602868650
618371661
618497126
613983895
601169058
618796329
642318251
618360554
616507984
601077780
616951133
626060472
613743858
616359094
615903331
614936723
617209695
616081823
630045064
616434115
603085329
614080912
614970641
618780916
616723228
615797527
630082095
616722896
615903335
619111149
608187122
615962397
620739837
639987083
615855896
616307299
616290424
627515903
618763494
616623190
616082024
619020724
617163629
617045671
617045250
616464821
627998660
614003755
618779576
607456483
608697360
643035129
604023842
616694183
617202512
615692808
618734060
613958379
620009727
613621460
617209340
621067289
630099327
616524544
639371410
616358997
637586713
615893058
623185821
618892270
602270576
617261042
616679901
623093646
613555340
615877089
601169277
616626505
613547109
613659389
618796930
613937146
616464825
618784835
617186175
635838979
618867655
618366233
621309138
618425968
639672730
639672731
616128194
613645178
614951002
617138950
600956709
607096272
617159492
603102517
615653217
618700894
616545849
616623159
616472286
