600672873
639549608
601169566
601168776
611132139
614920916
639683182
616485380
617045526
608485542
613862106
637601722
618500028
603662909
618009030
604024525
616105611
617045692
615859071
618867584
616126594
616608586
618906983
604409324
616608589
618880464
615692721
616392149
600233762
601069120
612043707
639891726
617395500
644507619
615787393
618749805
617053419
614947239
619040870
619067480
614951804
614931618
616261816
604594806
617209759
600814108
617312529
616722956
618957131
600850089
617353526
617155594
616621992
616387549
616971274
621251285
621251288
636464055
636464056
622275475
613620888
618411447
618367459
616679768
603579172
616337560
616359506
618816045
644662387
617249218
616473567
643035094
639663776
618763762
618409063
618828846
600923132
602884965
618226970
616988808
615725358
616358812
616566506
604603431
615609938
630173307
618931251
618368915
618368916
616434017
600414319
601844866
642604049
615797894
644767405
618360893
617045978
601514941
618765098
617169961
616622969
618360907
619026137
617097703
614952239
616948931
616252321
615570021
602716553
601169223
615553559
616618040
615729767
618369038
617255374
638051954
608691160
614996769
611221164
618762378
616207070
601659160
618611286
618867520
614972060
613870400
618609096
616679122
639240161
600045716
616391883
618796780
632497972
603200079
613543967
600824578
618240422
616934962
637204020
644457411
601149563
613937142
608714244
619088194
619701620
608427628
617138415
617323815
617332506
603039547
616624138
616464508
601084571
617202439
617202434
624975124
614350461
614093135
616608260
616990215
618972368
602872224
615898473
604603421
616130389
607702151
616296242
617045543
621216121
616522619
630033279
617075353
617045781
639130815
617296682
600882241
601727008
600558351
600558630
618730930
618800763
617267576
621494539
618789308
617083452
619056189
603099650
616545814
618769178
618361173
613613247
600374435
627118763
640086910
616688290
617336746
625790060
616529334
601725328
613612791
604024162
621911397
617432720
601395762
607567748
608263435
600878862
600923133
617513797
608510393
607132687
625961157
617357317
618365767
637601667
607560229
602885792
618660833
611293937
628088549
600629204
613678184
616169990
643031461
607239414
607239412
601240816
618763478
618763446
618394348
600795029
602696908
616359075
630032459
618880588
607561049
602705349
616528475
616580632
614941227
637797530
638911339
639505736
601551696
600827426
600012452
608725787
616625812
627806573
