615608631
603323918
639130906
620468023
642310576
617427935
601658599
640055486
604030678
608185499
611386125
617424703
611430903
607241763
603657528
604024131
602802346
604030054
603434259
617047344
618347531
610287584
635538482
608593657
611489650
640494743
616224141
621130898
618699247
608081157
616005307
601330136
613663590
607134768
618342813
600691599
616200374
618882794
616739603
603326825
614054169
608206478
607187519
601169057
616624194
604024173
635596217
617332783
615909376
615909372
614969606
643768570
602092847
603381281
617197420
600630416
624063599
609718445
614149140
613994489
603717064
618880163
618932640
638190293
644147154
607560159
615167531
616159028
608114152
616224171
613717674
613658933
618659824
616826445
616827650
615965254
617055152
616251902
630067932
601147347
601302521
622395700
639130720
639000093
618363752
611202464
618986874
604509357
600913514
618240576
601446047
614995187
618846176
616903199
604309985
602057097
615653226
615727101
616722616
604492631
616434122
643033867
604528570
613954834
616990241
617053569
608082673
601484927
614053123
616359099
615730624
614091756
604439023
611531385
600708925
603392266
600239690
643033338
643033339
617932944
643033324
602862397
613731391
603717094
601248301
616739589
601706830
602143150
601430344
641145564
601046904
607556038
603225278
616739502
616260182
608063880
629924711
615743784
610727726
604528121
614569896
611151157
602273155
616309567
608823580
608725798
607179393
600644037
608046218
608306227
601218171
608533263
618365807
626327497
615966901
619111653
630032996
616826413
616344333
617384710
611490200
617047161
607550888
614030937
608583807
617209590
616359538
618699238
619111215
618769222
611190677
607066702
643786242
636091068
616581686
603217016
600025682
635214756
630035752
618762650
615753572
603922623
600622424
610287527
637474972
616434077
616938291
607561083
617209523
613774602
618498892
616128173
631617040
602079924
616827342
616522517
618338899
617197461
616828201
623772373
613993837
619106543
616904108
616722836
616938287
600624413
616718680
618364500
602080134
642257762
625004090
616080099
616099571
615963071
610981489
607560213
614975340
637746770
616826289
601301662
616903981
600779358
604334210
618363830
602869274
604027094
639355380
618363809
613854805
601749758
608456134
616344416
617209469
618363823
619111045
604081653
601610996
607561082
607236096
615792288
600885644
612511535
600885642
601393809
618984956
645105160
602080137
624959686
619107018
603211165
615648967
611151712
603797089
601732133
638978844
600050091
615692362
600022227
615781418
630047761
618360864
600441656
603587462
601662357
