600745887
602763279
607655238
630051199
618743975
604092587
603601259
602884828
604092576
611153585
603597482
601232653
615809568
604023681
607584268
611203128
616433878
627896528
601517323
617045319
616192466
618714122
615653320
617300153
602555873
637308805
616391763
631900511
601936983
615653283
640494563
601980701
618796668
615658802
614144869
616433768
611154805
618360730
618394360
616693417
604092588
615652594
629038023
613538749
641648323
637692623
604340542
600236094
615751232
627664949
619111603
610287567
615658815
603047271
616485873
613543878
615804145
619106969
607246624
607246623
611113013
616433882
611551686
640490077
613654154
604023819
631367368
616433785
623009751
611344656
616570510
611548840
604025333
618432485
618796972
613611247
607645825
616484418
619111548
607187525
604024121
608542016
602080056
616990249
615763092
617047164
601944510
601368239
607560477
616487433
607701851
618699239
616433771
616475440
614027605
636087280
631323286
608442429
610713786
617259140
611151493
608415802
618227608
616484364
636049154
616420119
628531369
607561044
614084372
604024124
619111536
601639954
613715600
618796742
609670684
608529709
619107154
608035517
608564508
618008940
615649865
604563862
604547386
618933067
615652483
618616849
616581659
603797038
617045949
616739498
604026465
619004141
618779766
618595484
640495162
602031296
616307291
630036893
619528450
608569233
618835126
637296831
613973652
637474932
608442431
615625368
604600488
603797074
601980519
611470233
607310944
618809055
616826579
607187511
616224176
615651304
637474902
616434003
615819758
636733147
602080001
613650127
615757270
611132104
625004083
616224183
618935163
618985205
624932502
615761136
616231477
616231476
610834826
607135417
611506748
603717107
624959845
617244872
601368238
616829553
600867722
603603328
614040053
608792412
604026772
619112378
616826988
607709862
607709864
608490358
607237095
617209300
608485137
603095704
604334252
601774139
615614281
643030927
615658536
603698045
602479242
643034414
603147075
608161804
618796828
607247662
608583808
637275890
616391642
637474912
602080014
602080013
617047141
602060365
618855714
616529458
616095533
614045357
639350779
618890184
615965942
608306283
601147732
603717074
607560454
615765427
616433749
603593131
602700005
604023841
611450590
604406963
624959829
607187514
616714027
642310579
616391671
604024028
607186851
618393785
603210168
607179396
614920908
610280667
608099304
601096066
616748239
607635980
618888227
601940127
615983968
615653007
608293405
614093545
607236080
608766981
616826624
616528299
601245538
611203047
601985658
616545809
616545803
637246274
607194750
615998828
603392267
616748243
615659231
630013828
617332474
617259564
637349978
611288389
637249319
615962297
602279234
613644825
601677238
608275307
610715458
615757543
626340695
611113010
637376712
613644600
618634615
616581693
616005797
601253082
640494952
615756834
640489743
615962936
601431399
610743335
629767268
601532798
616359060
626343981
616433934
613673349
615962378
