607096109
616464801
631784891
616464767
616623003
601671193
618420726
611219626
604603878
613646227
602410760
614001072
616679432
616025416
617055207
617029241
617363697
601966649
616622077
615950784
617392227
618361099
608510390
614091797
617209509
604328512
610292142
616485432
614972056
616546963
616581828
602084248
618634064
602881491
631115126
601044014
601137775
611362084
601357829
613789420
616679015
617047184
618365756
615870360
616893777
625199059
631929780
600693394
618240462
630054659
601797530
640160713
611316324
617342701
631235509
615868156
614972315
618299757
601169373
601169044
618942611
640489986
608725779
600967325
625473488
613765162
616433958
618365948
618408383
617171581
635976056
618782832
618720869
617982124
600653671
615685440
608212839
616804293
618419290
618369046
613541053
602750788
615857548
625615171
616723261
618880420
616485387
601724197
617982230
617294728
607104800
626345585
617186282
618664752
614397228
604023847
616623886
635842787
614933540
602052876
617054794
615649914
608538844
616464855
618360701
616025443
630051591
618009125
618674232
616433736
618233385
618778894
601740945
618972864
617277714
616619999
614004884
604023483
616694186
618763472
645042196
624975100
603957400
602249244
618641415
616479259
601807902
601514939
618641189
615707252
618428250
602927680
601842233
601032887
623460285
604030603
616392096
616528488
614994512
614138653
618005658
601924048
616626507
642318249
602129107
601639956
617982176
610292243
603922579
615570031
604023437
615807336
617340308
626175155
601882936
601101636
618965042
617289296
601021839
613554620
617058162
618616600
639505742
617046621
644457555
637146450
616433857
616959185
619007440
617055420
617044423
615851256
643199268
616626929
615709096
616739344
614140564
616157715
630024690
616739418
616739411
617066927
618779243
613938032
616104998
618408533
614986531
617144404
607561081
615744295
604078716
602280016
615571977
615854831
600823121
606924085
617075667
601512268
618734366
601251177
614929880
639906766
608043181
617404649
