616827137
604030563
616828723
616433764
614969527
617357256
640494694
608375372
619106550
640495117
620970683
602116304
607716667
643989106
618886783
616343940
607187495
607187496
616739488
637745197
636129899
643788782
616739481
616581605
619041199
610287751
608043177
613941362
602062893
611362318
618364473
608123707
604524545
604372671
601240283
607187502
618935133
604371169
618641456
603237757
641177571
626342490
603717133
611470237
616464848
600770278
601741906
607579924
618748297
615804129
634326276
604214194
618765082
624962886
601615510
618677657
616605848
631237648
618362954
616716563
616464783
617420057
617420053
641177529
613694547
618384471
615725917
619089701
631945527
616005389
616434793
616307803
603450909
603161514
615961491
609667043
618364453
619107259
629435762
620904624
615962244
615885927
611201457
607561397
611295732
611201449
630533184
613557073
618934150
616745473
617047233
615962486
608056687
637775518
613547031
619107189
611413940
630049273
611154428
604589637
644796325
602080035
616391585
619701617
604529213
603922420
607202525
601451553
609719098
611318253
611318255
607603614
618390624
624961671
613589626
638169687
616391934
618385035
630031472
618363888
618807955
619027187
601122069
616826766
611489643
601172276
609725529
611181059
618005095
616359495
636784775
608133230
604608951
632206851
619106585
600376203
607237093
640495021
602084249
618256562
607193076
615962501
617193442
601985110
614971333
616048261
613869958
616739663
615673362
608447215
615962512
602083767
618363858
603005502
603409959
617938241
601659150
616920372
611151630
613682009
607560209
608590595
613612535
616608271
641653233
628531249
618796326
611344648
618763450
637474892
616708971
618727853
602866215
619111608
616581612
602218347
615689319
614286985
617202462
637746283
607247693
603357039
603357034
618363799
608483719
601249181
607561020
608603519
611476863
611154381
602037406
608481986
616826479
616934842
615983068
613870344
608337638
635684046
604023809
621499006
616722753
614123260
630061761
618730208
618004605
608374705
636784795
611148196
615860961
601658087
621987510
602275260
616722920
601659147
608485563
619107270
619107279
618363817
615816033
611131830
616827509
616220235
637140892
616739257
618933772
615953990
619696167
616484380
630046805
613779685
603724933
615817807
613538758
601722796
603325069
607241280
611004626
601046279
602079998
603192682
611386121
604023763
618634608
611418242
631263197
604301781
616618082
631617032
601204185
604219358
613612800
607202526
640489777
601532685
621523581
607136007
613940991
603742851
616739261
600022235
641177466
603529401
616677224
618363853
629433849
615893052
607192685
601726799
636482141
616702673
636751277
616827289
618724178
603118735
607621512
603225288
616826537
616040434
613644989
616359224
615695128
616827398
615962543
604342239
611203136
618496434
600177928
619227740
611531381
622195896
616704590
616738264
604070163
618873959
615749271
602092842
604342261
604313606
616487446
601618212
604563673
607247663
608080307
615624347
601161438
607560181
600898442
617031976
640086911
616485331
602539701
601006849
616739541
617144812
616826523
603438250
618779889
604023883
602877521
618990890
616739432
637597000
616546689
608485782
602531789
604092441
