616702685
602092839
604502121
643931346
618835825
616232122
615781369
617045343
615826263
618746971
615821304
603260416
608716565
608364212
616186229
643667013
617144834
637139567
614026148
601030667
618233455
604024125
616827356
603971406
603971403
608223661
600827019
600827018
604528569
615659224
615961476
602877644
622359784
617116055
616307729
622690116
601231857
603797434
614093529
603797437
629910360
618723547
615765397
607718553
615962987
615658658
615756604
639692258
612016207
611508089
601807901
608565931
615994942
601383921
639529703
608058522
637131483
602080119
616474730
611505858
643030938
600882759
607187532
607187530
641879354
600110313
608161779
616581295
607560478
607186771
607186776
601630772
643034854
616358341
602779841
641153877
631321929
618342849
603225674
608725788
619380708
601604664
611140292
604025316
602891084
604023862
617047148
618723553
601096064
604092553
611057024
603402908
632255014
616391731
617209565
640494850
600903952
616747504
608212801
604499321
617044841
607236091
602281334
601780577
610725534
617047145
615820486
617294429
617385494
608520090
600021291
600021290
603665561
640490211
608564505
627892858
624926207
601116876
615830235
616433778
636138226
626100339
601777000
643770728
641141137
600271340
616359259
600852967
616751686
614137933
639608027
617045461
615809630
601168872
615809637
616359232
602869427
629459017
616260207
608542048
617045278
607324988
616157697
619778961
604025437
618537030
619689746
619114357
608132113
640490039
614084105
600930939
606906882
615658680
636138230
601844870
604078717
601842678
603245508
603797441
640494969
608447880
630036369
616207216
614978169
617328627
607735502
643033331
615826361
616359073
603567385
603717095
627941017
601863228
611112518
616733142
631340466
615981165
600021473
601864458
617012249
628741486
616545840
617058100
608563578
637797540
615724944
603797047
617159956
614975351
615658944
615993065
617045298
604296044
614018842
616391952
604340841
601137769
640494537
614640640
613937778
617047172
617047176
643030860
636732665
616570514
626343945
627361550
618779202
616739534
623080544
614076393
637132892
618796302
602863763
617030552
623792945
608097419
607189258
614965639
617045229
608529712
603568859
601726798
617364306
608725767
614113916
604324749
