611489638
618836549
607192692
642232213
614054184
611151580
618724786
603095612
641177508
618227118
601657628
618360465
617352690
607095896
616087776
630047424
616344407
601510451
601749780
616388415
616688277
625279617
618796741
616485335
616052204
608189979
603254919
626345673
615576090
618394774
608416146
615779968
603210116
617363765
616123991
615803989
635281055
618254450
629903911
613689516
601137771
616547274
616792244
616208432
615753053
604023749
600048474
637600805
607187523
607187528
617044513
619111382
615982513
635684010
617432747
618769469
618935924
616545909
616623765
605622352
615781176
601808155
618641171
601842676
615613233
636762398
600617076
615854827
601177300
600047537
618819257
614053994
616990262
615595172
618360873
613785558
617131678
618641444
602262219
602711384
601161440
616545953
616392050
608367176
600630423
637240795
600018021
639129202
616382667
607248391
600312956
616827447
616827446
618377659
602758575
615838146
601275059
618408557
616723856
621011702
621067170
616309612
600034235
630033578
601130219
600129268
600326524
616359174
601161441
638300324
616804389
616434000
618816235
607196588
607248394
601668625
616344303
637590809
617357352
615553555
613541697
607325004
604211201
617332497
623185828
607324381
607324383
616219540
637797613
617083447
616408680
608292985
614930058
616677376
616261546
615963189
608515043
604502122
614961992
639355344
600925920
618788649
614961971
636787234
601659155
614083808
639214834
608701172
616580945
601116883
616624025
616678466
616612790
613993859
618384688
613663654
618778889
607187497
607574568
619056505
622355880
617169581
637590905
616081986
618641155
616220098
629142503
629142504
629142506
621468562
616899511
639355381
609679007
600846700
613663307
601090215
616899514
603742847
601399985
642116071
608375501
617055488
618546587
615877287
641142297
615869055
624301005
618240421
608487753
600768365
600768364
604399796
616464512
600924224
616677182
611408826
608387697
635876876
631337688
616751676
614928515
622398454
607135407
614148034
614148035
618367960
615965193
641145080
630077623
616220180
618383408
602891803
616119907
625241089
607186831
601629034
629142521
617349789
604023859
607246631
616828898
601198926
623624426
619068019
617180799
617054685
617180794
603079691
601724878
600710636
626065273
626342362
619078441
604027226
603118728
618240450
616605839
618762952
643033344
600924215
601113699
616472258
615651336
630081984
618716038
618428642
