618299704
617339506
645228333
601032309
640489774
613663320
600850059
618933592
604594809
600529400
600850104
601227260
600952224
643034925
639572416
601240318
617978003
607241765
616059825
611421039
603780690
614955477
607560388
616485376
603285537
602772509
601627908
600671977
600848298
616261676
615648964
604024168
615575976
601662321
643033556
601031740
614569877
616895040
603780689
618762909
618807971
603579168
601130107
620468004
600045727
644767961
638909879
616128183
636995188
644768954
608485546
600622430
616169987
618360945
608422209
618779648
615839752
637590713
617340296
618240289
615807241
618727858
617433159
616143344
616331706
616545827
618471322
637140220
618401853
618384476
617990269
602797380
614054446
617047210
616433889
624965660
615684324
601306870
613869606
629435779
604594850
615659244
600460239
616722834
639505729
639505726
616462878
641139677
600021484
600644842
617047055
600964393
613868705
615877283
611466060
617055218
617432713
617159901
610279587
616169414
600107557
601659149
607567760
616391855
619575729
601288235
618411330
637591289
614951013
613764604
643034757
618238486
616059808
618361064
618009068
613869936
609737356
638863199
618392351
602710211
600028867
633383622
642318252
600877479
630029280
616261548
616703785
615744318
604058458
616192151
601670986
630068556
616307297
615828558
608387695
600231568
617159499
617433482
616738777
618360555
607104799
618357303
618432473
616179414
613547114
608263886
617046486
601234716
618727861
618934019
601782711
640773576
613798742
617359701
618796534
617045722
602134297
615950788
641177323
618113430
616091027
614111973
619696162
601144611
617131692
620468009
616739271
607585648
600854574
602262318
608205893
602683652
614994508
645735787
600783672
616058361
615719237
613743927
638161655
618762849
616389797
613869464
614021502
613973494
642304470
644900032
616622959
623685596
614111728
618769472
627913117
607114275
617027618
618360872
616679129
618360870
600429686
603354979
613538752
618867452
616800674
616800671
639505728
628525265
601108604
600750695
608741271
601750219
617324620
617431883
616800691
617417284
627966037
604023885
639884282
616665850
