614041244
637768560
637745195
636138227
603474893
603327309
640434158
631337678
607635977
613870415
618363929
619107212
603689188
615572809
608246364
603734200
628819898
607609854
615685521
601121671
618764020
615653272
613997511
613541879
608483839
601161445
617047077
617047074
603797110
600956723
600221270
616359181
604112345
604173360
637136300
602289513
618363788
607560266
607560227
601096318
615757275
616433892
618691541
633018816
603105744
616745676
616745675
616826932
603927533
615724863
601661850
643965097
608125665
630035894
604010585
604010584
645024351
617124714
609651914
616581619
602775250
627004277
603083434
611148911
643033677
618724717
629671326
635666695
619041200
616144389
607237092
601463127
607237094
613612562
616872491
607079418
613644307
636138225
636138229
635614758
616529158
630047518
610735078
602079942
615626333
602785350
613870459
615962483
611151696
616433715
619107188
610735016
601223207
636091069
613955062
618718689
613697924
643693174
607560160
607661001
602222698
616434805
615781884
607552784
615657919
616711514
630308472
600402278
641145630
618361196
608564661
617981845
645024346
600015801
600519201
601096070
601329577
607561115
618366842
605578142
603888871
618595520
618625471
618625476
616832746
607236084
607236089
601628706
635614601
613870589
604301782
604563861
603434283
610735082
607561028
636729461
618916733
603299793
607247683
616832559
637691362
607548656
617384693
627158627
618626111
617339671
624926251
617209425
613644627
610991088
604024255
600821075
617325317
609719039
643727274
607096429
618794288
630046290
607561034
603461027
616608499
616119361
604520222
619656086
619107292
616935648
602775251
601902026
616581673
609667099
603886531
616474799
637768547
607239416
607239411
616583005
607077565
621496339
617294676
616293911
616392342
611153790
615872254
602262394
607560198
600015798
607560196
608489211
643033336
618796908
618342524
616128174
618371106
603382146
603249322
601404906
601383920
624959573
622352440
643030934
641142114
616748123
618935174
607134767
613662695
607554717
640493549
608275315
615830254
640493600
616005933
612047078
604563677
628539481
607628243
617431806
616920133
618342612
637142861
618364470
603797044
628531097
615803785
630030941
640563712
608725794
615803810
622353234
640073156
618240907
601937200
617338804
616391858
618819174
616081958
618131483
615555703
600250254
616105620
600802085
616826805
618341605
608599445
637411048
607237112
607325029
607185973
600662258
616722137
