616826429
616826424
608327908
616545864
601867496
630508958
615963158
618364513
600197860
615759534
614058300
613964123
613980793
615760061
615569768
609665771
615758755
609719217
615756807
613975215
614054165
611177697
613867366
613978492
614042325
613981002
613975348
614054255
613964347
613965806
614004117
608442416
614011517
613965888
614054107
613965537
613965869
613966334
614057689
614054714
615569444
613964331
613966111
615758216
613964504
610990106
617389017
611114993
617397287
617390988
611268981
617115870
602864610
617399635
607715878
607704617
608062022
604023998
608061444
608062067
617163616
607135100
613965500
617116107
613975410
614054023
617115734
614057773
617163614
601637944
618240906
618713979
638517355
618731682
619005131
618905591
613965614
619026010
621510837
621510847
602443283
618730731
617213549
638523965
618341869
616420113
626057832
616359278
628937145
636791886
621829356
621829351
636791895
618991270
611150936
616745655
610807214
611530981
618746792
636784458
636792231
611552554
608544067
602443458
613974938
618713981
624932596
616747382
618720177
617046983
615747685
614998315
608599442
603797095
619778959
621291984
640846134
607238503
619695596
607248384
603735846
631276487
617379052
607560982
616434717
630817521
616224138
616224134
626051373
618342748
627639438
613743501
615954020
643075547
608364940
630055308
615963056
608447221
618819193
603121161
604311890
615982457
611152086
618240519
604023750
636791857
628806501
615792252
