607560373
616623105
630033989
608491613
607561026
642304480
616192521
618765473
638979190
618004777
617270291
600622305
601668629
617055219
616804999
616623034
617132806
602802345
614123530
616886070
601928030
618008979
601031762
616545836
638051985
636758688
617046504
621759653
630052928
617047091
607624042
617045395
601111922
615983835
617338718
621243814
617045405
621243816
607236100
624825198
601627915
613869922
637276241
618367888
614350498
614009518
611001179
641274323
616691669
641016996
619041387
619041386
615870594
641142557
641145355
601185551
615706033
600799636
614040872
611401264
600854572
638051967
637834905
601116874
600026502
630081881
629080303
643199264
613983877
607239413
616309976
607076973
616309974
600052608
602278927
636464046
613678104
601727009
607186200
600349449
617027623
600040742
640658126
601200553
616706937
632436629
600348688
639509527
639684175
645687928
618867434
640280049
600998837
615950753
617430961
617045475
615743830
639355379
630065580
619512460
618381119
601783440
617046483
616613377
616618036
602577894
617432423
600799993
600964399
617047035
617047031
614965666
616677273
618388071
617339715
601148632
601668627
615743555
601797416
608427621
616878402
618880462
645717749
621251286
621251287
621251284
637704460
604307566
618811170
608510384
608219762
615894432
601076553
613542656
614050173
601532683
616686282
616202687
616621970
616609417
616421271
644662283
617364048
600800174
615570026
613788686
616433928
618723744
604024152
618360892
618726429
644768838
613547136
604031066
616677293
617363891
601964399
635838981
601848791
601732933
616433941
603318180
641145262
618009033
601169278
604030843
616739600
601139494
616623169
602834154
613785483
601534641
618226521
603121554
616112260
617045454
600046752
602872218
617045695
616621804
618867575
617089913
636702618
618381785
643032863
602865252
608728675
600197863
600421012
603121674
638051503
600035966
617163613
642623199
617431920
618105166
600813650
617431468
607560299
618595529
614085692
630701033
629142518
600607228
629142515
614933124
644457517
607567645
618471311
618369040
613870753
602819892
628003301
600854570
616626420
618240106
616387545
618251089
600027544
618740835
643035014
614996396
641145127
624899900
617338818
613860675
644797668
618238500
618560249
617422960
602519728
602100941
600801973
602263343
601200572
616290430
600868758
617202432
601046238
601371753
635611494
617932708
