618867514
616580676
614971512
617045701
616739362
617323743
601791584
618867449
600799992
616531038
617139216
614933026
617209712
617045730
602249221
616723287
611316339
607238513
617508765
616723272
616181106
616739394
619067468
616625974
616627887
616739348
638051928
614972316
614089565
614318945
616579774
616739356
617136217
616714333
608138526
608347010
618866644
613664003
642396022
614310995
601797803
614318953
614921426
615001199
616950402
617096445
614972385
603120770
600110359
616722916
602464091
601269621
614072647
619071379
601077694
628840529
617048412
600640436
614920920
614952482
631381618
602395482
616723001
604603430
617045772
618121097
642318240
617132954
614932806
617046033
615726366
604603864
616358994
618468762
618113052
604409374
616709951
614934383
617323809
614921684
616722908
616144399
617209766
615976336
617139213
614934402
617511538
614073355
615976330
616723243
616723245
616731327
617054896
616528680
616579770
614971266
616714494
616774360
601834311
601078082
600782832
618415103
604029852
614922150
617171551
603153102
636757625
615722171
613664066
616626392
616739414
600328438
600607224
616581397
617357312
617170441
607561096
617045582
616261828
626977736
614941232
616612036
616739436
614921205
617202438
617051754
618163027
616581780
616723225
616718053
616722881
611450464
617186278
616580672
616739440
642318254
602865089
617055191
616545853
601076382
615976740
615976742
601116905
615001203
616739404
616739400
602485406
616533702
616529337
604024153
615950739
618867540
600013288
614952323
