601644312
607560256
614319112
611316379
616528497
600798039
642257779
600925985
618340430
617430988
618429414
607567666
601490850
601970821
604502118
607069949
617339813
616260252
617045379
618944387
640812308
613645866
643770716
613644680
616183834
614952593
602850160
614972452
604026939
600850071
615650138
600021488
613789630
618238630
618648335
603568444
614121663
616528301
618427863
617312460
616528474
617334748
616431659
602878119
617431934
607351856
622657909
617335372
603976048
618867462
616625799
617014732
616287282
615820497
600348689
600022237
601371589
601378160
617497271
614965719
617938274
602885797
600459051
603104869
643032858
600198323
604024542
617434269
616667285
615658778
616890747
618982922
618408484
618004565
618836544
600018401
616330235
616330239
600032940
616431663
637793867
600442380
619696443
618009053
600925964
600589570
627931369
618240356
601545400
641144920
610990371
617391768
617339732
639338358
615555392
600557223
607459387
617055822
642396018
618428019
601137726
613658934
616736154
616736158
601644230
617261045
643035003
604029763
616613373
617055390
616904935
601494636
611421044
609711643
602532915
616739673
618293287
617149514
638051983
641139693
620970348
618719666
603121504
603376132
616485518
600848573
618867501
618366020
600648077
616798830
617030630
642304609
618625884
619078421
623185822
641247027
617048952
621510461
636524162
617982242
618394410
617030607
616528485
616528482
616262079
616529452
602129106
617047206
616391589
600349736
619701618
600047013
614059023
613572173
616464557
618807947
617209684
618626108
616626919
618723861
618607571
600814106
618231778
601130217
618113411
618511507
617055088
616080904
617993497
601739055
613541893
617046553
615899347
618112452
600544930
637591049
616094455
607567747
616723010
618780369
602133800
618361035
614941213
617045766
619697822
616739341
600015062
644437178
644437176
615565782
621709766
618293773
617045496
600016411
617431772
601696487
601332585
624967898
618342669
638751727
615705010
617030135
616233447
600799860
608427186
616798802
618365719
616485310
617374709
616693540
618809399
615725057
637291319
608116530
617431706
616464738
617338154
618740821
607567702
618238759
622352810
615635613
641145294
618527334
630036289
638806298
616485443
626348964
607132686
616183467
617025106
613869943
629142507
618365785
616094117
601708624
617353871
637276163
609711626
637250118
618723858
644900108
617342689
643032884
601224920
624961599
639995149
619068058
615702470
607237106
615591084
608071908
603957429
604622317
600365159
614981011
617044396
600925921
615658914
616189004
630039871
613785559
613854540
617431736
613610964
630167134
615570008
