604024014
614078229
604069349
616461234
615759567
618796876
608153475
618701250
615705835
618791634
613909977
602935170
618354221
613965470
613965690
600833367
613962713
613964173
613964493
639662318
613975283
614042193
614042353
613975695
613964126
613975322
611510252
614058052
613962558
624824089
613965908
614058179
600365157
618546002
613963761
639658858
614041314
639661331
615706029
617390485
617116106
617401196
617115822
617375578
615651648
617400303
617399685
607701928
608060724
608175691
608759841
611271515
611151612
611180960
618646816
618728226
618731632
618731730
619225687
603276947
615705487
621517830
616528190
604069348
639225932
611112475
616433871
613645010
636791876
603351861
616433775
604286170
607714815
617338083
633010224
632008497
614093541
611508080
613974772
630328281
608080329
643581529
611112519
617413797
608327924
602885796
616745469
601150724
630879951
616433530
600885192
608521626
628134963
622657636
601163161
628139721
603955317
611112987
616359056
640494615
618233308
608792414
602563935
615724846
609667090
600518953
616359137
614287019
608593020
608593021
616433782
616433789
616433526
608592938
601668626
613974677
615988697
616484374
616487436
616392424
622815454
611419045
613620846
608478501
613541900
608542049
608592929
615652868
641653252
616990244
618459620
640489724
640494901
610981258
640490038
606906883
602080034
618679771
616359145
614978204
617245309
604024122
614113920
617394641
633009278
608542036
618779389
609711704
615724812
624995938
615804733
640259460
636789964
631076260
636941156
641648322
607714602
608542022
608542023
608542028
