608141702
617328662
601085813
601862716
611447702
617209495
600211578
617209637
616307282
616349924
616722890
616545842
600616620
617045668
617116137
617209516
607114276
616739268
618429275
600046750
607666376
618468767
617172753
616739667
610715836
619119351
616545907
600672870
600672872
616700966
617203309
615809580
602369623
618867443
618867440
616739309
618779625
638885125
615950756
609725562
637040545
607598654
616739623
616351625
617513786
611485947
602183893
604028773
618366807
614993319
611132114
618880416
617209654
616739383
618442781
600842844
617203517
618880566
613765158
602877598
601844868
601483401
617203761
600925201
617328569
616474201
616723269
616990168
615870201
614932802
616351619
613870561
618293463
618714588
632111095
608265371
601659851
616904156
638987347
616715607
618240383
618390922
614310988
618369045
637834889
617132445
632497976
615723757
600904390
611485943
616701300
613551776
645717615
608106367
617045540
614350468
617340281
600035729
602863620
643033554
614076385
616581775
604594854
604026621
601044566
600882148
616739474
616739472
600016125
617323746
614972471
600799304
618361220
607199553
613666207
602601278
617338882
616739464
616739467
613612782
616545869
613663999
614922146
614319095
601710261
617053813
615893499
600930700
604605198
615950793
615950792
614979020
616722756
627331011
600617079
642396024
608420978
601263491
616717608
603121196
617434604
616359008
632497975
617982063
617045904
616389863
616701322
607567815
614920465
616739323
616722953
600427479
602902757
621409565
614041338
618880121
614972389
600021472
615722681
617202515
600397650
614993315
617240927
614952431
608125324
616308447
618880107
616626390
614972451
615692957
616344340
603663646
602487124
629988771
616183838
601749703
602279800
602715505
613690697
613985242
617131108
601616040
613666290
603924481
603924480
618408568
616970806
616581436
608584685
643034789
614952212
617159268
608428701
617046459
600848272
618784247
617509210
618240370
645713527
602898775
614942275
618408520
600048520
600458270
603107482
617328598
