616359039
600985924
615599085
613540086
603240434
618342647
626057831
616433806
617052734
623081072
615671492
616359035
607560379
617238494
637474882
614978175
600590765
613690914
602230079
637140193
615981190
617193080
616688865
603324926
608442412
604029799
601636682
616827257
623878825
617390286
618240904
624962542
616006716
601831661
618727843
637596992
618890107
601330444
607238506
603293065
604214210
617385302
611153039
608517500
601197838
615658669
603323505
604214208
616143518
611401209
615658933
616484356
619107325
625673260
611156646
615658578
604342260
611355903
628764667
615962274
602056341
618784111
618796844
615751228
610735020
608564643
638405523
618728044
603927315
603601168
616391738
616433807
628764668
616829242
602011471
608390728
616739279
618732274
616186260
616091030
611149973
616826472
604492618
618760337
618718472
616359541
627004270
617409271
602193627
616461238
627004265
605577640
607187516
607187517
607187512
637894619
611271487
630463322
616475786
610834874
616581856
601218557
619104164
603231166
643030940
616722122
624960315
603578975
601627917
608253846
601725956
622868398
604334243
615781156
607552728
608212323
603716796
608533244
601636673
615962859
611202999
616435041
607109145
607109144
626847420
643030933
630062219
643034351
604028935
606954437
600233440
618009273
618341718
604028945
608269990
601599415
613944321
607560190
607560270
601117612
616207175
613912477
619111493
607187531
629484451
618770278
603797078
609702206
630061881
617209573
618699246
618699242
620907240
616309599
604334264
608520192
615982699
602092857
624984149
604371168
635671224
618507696
617045385
607623593
637154317
616718767
618977337
627004275
618343395
611541565
601223206
601412123
613773942
617044602
617328673
616474178
619107289
607187509
607187504
608081127
615792301
617196844
607187510
624984153
643768861
608781256
608538838
602080000
616826305
602162685
619695591
608796285
616309588
623331047
630066444
616829319
618796684
616433834
614140654
601371590
616208389
607640106
636724500
624972505
617202484
624972543
616940128
613764798
604563672
616714530
627573595
618779314
614007975
608305457
602110695
618732422
608532813
603153098
621829355
616826572
616827423
602162083
618362929
616433828
600801346
617413802
601629848
611203039
611548836
611153587
611318216
602873618
