615722665
616706933
616667281
616882347
616344305
621571788
616388438
627586066
616739352
615950758
639529591
616885536
619111157
618625928
616091100
618231410
600584346
616679439
603915629
621243843
602881489
616800692
616050427
607236097
616307844
621339803
618390943
603601509
602928517
618365797
635833287
600067407
601263181
611154686
618367832
618366349
604058444
604058443
601515049
618780348
601224973
618397785
636993153
617372361
618370560
618198058
608205895
608497766
601194298
601194297
601256403
601379322
620468016
616119338
620739766
616082013
617432399
624992480
618009005
616709539
616183682
627851788
643034958
618233397
617305142
601842677
603296273
618641443
618347568
616359298
618855521
616474838
616170001
600087492
615785359
644768533
644797351
602803131
601200577
616219211
616058342
600991439
618432519
601558643
618009019
644457663
600087422
618714297
618726449
608116784
616891487
618817785
624340750
600565508
602756196
616989040
600197788
618429269
618663259
600770183
618880811
603599072
603599073
617022470
618780028
611393733
616352448
643035077
616349969
600032939
616359272
619107366
644801149
618719873
600021561
621523991
618299661
615659309
617301633
601670861
618882634
617088348
616319169
616623361
636815440
603276924
626131290
604463974
602172744
616307741
618520769
640489853
618360817
615976310
616727281
618724939
616731423
615692752
618867489
628781300
621251283
621251289
604594849
601377937
641145524
607661909
614941248
601201720
604024254
623980367
615821338
604409326
615779524
618467451
617035460
617238814
616183925
644507483
617431719
644796517
616359241
616895931
616261830
600925936
616693537
615820498
621181226
604527267
608733596
601533452
608574066
601668628
616624132
601659157
604030281
601110334
601371694
600956930
615718634
601076541
614053971
630037424
618542833
635848903
618098065
618729369
601842235
601166087
601295438
616988902
613624767
622359847
617328458
602302659
616799360
610980102
618641179
613723855
616464552
615696286
615991614
613645838
617144816
600796998
603724962
615963169
616387550
616581315
631066615
616739596
617045847
611139141
600223131
636129582
618874602
615950745
618361040
616545833
616739291
643722810
618835622
617435178
600140295
613541060
615781954
601781127
637212652
616119889
616434119
600789690
616722003
607560382
607560380
614009463
602224751
619111373
614965973
614929872
607552573
614972323
617209677
621837664
635764056
645710871
621326450
617013781
624909642
609725534
617045850
641139691
616679536
602094709
637280645
639702646
616676577
602092929
637295873
637797546
630057541
643034992
601149562
601253079
600746719
602877643
617408163
615570012
638456477
618642237
630344613
