615652499
642310578
626342463
615600244
608442410
602946420
609656798
603370062
616581625
602080081
631337662
607661933
615652259
616157733
603168615
618611504
602768514
613612526
608716563
610247017
614955463
607198435
601517226
616488642
616488645
603665576
601756178
616412507
615804154
602092956
614978197
631572661
613975631
615659200
616581679
601866462
616359131
624714377
616359121
611362496
602753013
616475793
611563813
616359156
602810913
607662244
617363839
629513114
611594671
630047012
617338095
607714534
617012251
630035292
602817367
601398045
615744308
601514686
607048499
615985506
616474284
615673431
613963769
615658846
614111017
607193465
600348696
603579556
616904069
616830165
603886546
616359025
611382728
613663921
601610958
617245305
607204893
610734537
610702326
614054086
618796518
609711785
630037128
643030935
616475778
618679776
616827215
616475785
616475789
601273895
611548868
615983141
613703551
616359085
603965715
620961417
613752372
619089711
617259297
637746313
611112500
616827428
642257740
608549669
603268879
641653266
631323469
600150864
616343953
614093549
640490152
602757176
602063207
616733385
616733381
645105377
618347898
604512074
640494550
615724956
607661921
607560207
640495093
640490115
613644625
613644620
616293834
624128970
602849842
601483811
601598217
613974755
616261259
604023852
615981172
636784821
604443242
615781385
608160681
614024165
615975525
616208691
611153838
637240089
616475791
607236094
615586427
600134869
613961096
616936524
616936529
604609120
616344415
616344417
616722739
619106544
611195481
621496335
602100946
602158248
615982632
603668134
602863762
641142243
616232465
642797168
604547387
615890234
615725077
601405207
608327899
614027645
630012551
617507690
607560188
607560183
629062577
611336767
618961711
617053748
611506744
611202992
643034434
615766859
618341654
618342825
613788707
611191758
616750488
618961724
613654138
638965576
616344408
611517205
607102032
608593011
621143127
615988693
614009507
621476038
603743963
616826617
611510256
601240286
607187506
615765389
600710635
630047339
613541914
604614157
628134381
640490190
610834834
604112344
614111975
616309595
618796988
643034405
