617375603
601090807
618837531
617511544
617025105
617025104
615892950
616739337
618726424
603337809
614972470
618944415
616308443
616485383
628926624
630066346
618407099
604030057
615812729
630698559
601147345
623685600
616679341
616739407
616709948
602183891
624966534
614941070
616059813
607238509
616251909
600648255
630708111
618867491
616739397
643781461
601485849
627480973
617045574
637311937
614933022
613664058
618867606
616667856
618358716
618723756
616797802
616936492
600016157
621315865
616612040
622954407
616739442
616739449
611551693
603202586
616528906
608421790
616081929
616715913
618419557
616903214
619564582
600154533
616621698
616017224
601696488
627636839
617180804
617900224
616082114
616082112
600609385
643032875
621258846
616344099
614961986
621243839
621243833
600969876
613965499
617136220
613664037
630029835
601327039
618354570
621291401
616990236
616739387
608081055
623015078
614397235
630031974
601229368
603957401
618835127
617048407
614972373
613542372
614971267
616723275
630581207
617030357
616474189
616989905
616054299
618439422
618383129
625941267
618210759
616904114
603351856
616989059
600642072
604301788
603581227
616170000
617191269
615003384
600050570
616421233
618605688
616358967
629499305
618408544
601067314
616523635
627681111
617186155
616219899
616017215
607238508
607238505
600262007
629382307
601899837
618381483
619486690
616723264
616723267
618816098
615797898
616107309
642304603
615976302
616581520
616581524
614941245
615692394
618667766
616468197
601789461
618841172
639702643
616700960
630701632
601671091
616722621
616679775
618716040
638645974
616621621
616054298
642288695
616618224
616264132
616618220
600842846
617055195
617202444
618867682
618617071
630077355
603260999
617202245
618734445
637202925
611519507
617053422
616359467
618762346
614941957
600885640
614920317
602872223
618641163
600796916
616739264
615976733
615993053
602927681
603063317
602929987
602869428
604024000
618118799
616580636
616081842
617209649
601156754
616372832
618984606
618819179
600383521
613687490
617159269
617431288
600021470
616533705
624975172
616722893
617391003
