611154408
630409029
613550313
601169221
618239089
631572708
618724175
609711712
616919155
616434028
600396638
601083012
613743949
607246620
601516608
602193625
617030432
616935128
640286907
613789428
618383525
608426984
604506143
616331508
644147088
617604139
629169732
607132139
618742963
625385405
604398725
607096381
601630781
637250158
608413681
616827130
645213145
600956901
617055134
603400010
616739282
616739677
611149072
616359011
627004268
608522160
601869606
601834309
618731649
616826493
604563676
602092957
604313950
611056802
600846697
608812206
618363894
616094127
615983372
608593117
608725780
615934894
608357057
618759786
614288069
602820794
607096271
618876361
642918592
607186823
607186826
603955320
611526888
616935256
603988695
618796502
613721213
616683659
618878821
615819717
607184480
613612560
603927547
611328811
602210779
611382735
607186847
630631863
616739428
639508235
613938056
603314264
603724843
618854452
628534771
602750987
616827239
618727958
616827271
618728858
631896092
607187787
601652372
617209607
618985071
610989310
631668285
616474182
603966901
618835777
603397727
602067045
643033346
608461866
616436627
603256806
618984675
601627923
600630421
615630160
616141822
619004067
616691682
617045277
607624104
600045713
616485415
611201451
616433816
641145119
615653234
637601013
616522099
608530502
618794331
640490003
607632344
630086311
600710634
632537755
615830291
617159959
611149018
611430890
637745193
615844720
607247700
640494602
616739680
616693420
604308350
611139149
619107365
602879399
637447166
608076681
639472289
643034443
615652459
612263494
615954000
616307740
601084032
643034378
616581337
602266308
636699294
615804137
603053473
616359115
604334195
607552457
601845521
616434084
604024138
601670929
614077530
640493583
625385950
613766151
603587562
609665350
604340543
616412510
605622416
603193926
607199398
602747803
600012989
616827837
637136423
616727387
614077155
608483836
607576997
616524342
602679685
636049149
623409609
607248386
601069470
601844869
600014596
615962924
600026615
618888242
600331000
630061430
617046997
621041662
637775498
607237097
607237096
607058371
600632532
609711638
607187529
618794527
608542035
616958784
613870452
601774131
602080055
619107307
603601771
601116941
614965948
616739593
608184998
615885563
607554759
641177281
616581666
616488707
637746774
616739288
603121611
613575967
623132013
602080012
603717117
604068383
604024043
602866940
643732968
616391727
617046561
613689051
638317442
618611459
600819535
616731426
613965826
604076305
617385286
614189079
603114855
616484386
630040074
612107902
608206303
643034721
640489888
601588330
614004885
616990146
616827056
601071208
600021386
601906509
611152737
617197470
