616158855
601850821
616351649
618795443
613938348
601357906
618411340
644604669
601520335
604169767
602271809
600674229
630040349
608426955
615658747
600400578
641145414
611260151
628188055
600411611
618788587
600289496
617045353
618404010
644604535
618442676
604024157
641142275
617907180
618387767
627857694
637601505
607632939
616739330
601745606
602132496
618428428
611136391
618442968
603803532
618387772
604334188
629342561
618429233
600233798
616528355
616208606
640835562
602280052
607324989
617339373
618625879
641142815
617433200
613869950
615950764
607560189
600148359
603209985
614027634
600065988
618427829
601149518
602249090
614942333
600605022
600030143
603099151
618009065
602092931
617347343
616685202
616058351
614092678
602896449
642257778
614952477
607567782
616262077
618366007
602364237
616722000
623967905
600035854
600671025
601610528
600564009
617283750
601724879
617424487
618867508
600635064
603102499
618625292
603281090
618818401
626341762
619039331
641145529
613966177
618001713
614975328
601842679
600199794
644799634
618880472
602704285
637140431
622275469
600421182
600178938
600215113
608375174
614920308
601130766
600617845
618240435
601202076
618471503
638523519
644880898
603375978
614021498
618394725
618429353
616433885
602249227
603193686
625826147
625826140
600215188
619058535
639956453
601099995
634490788
614919836
613789534
617131095
630350141
618762969
614941011
607237105
618408932
600854569
621709767
603100041
619041512
601632135
602323532
609711832
621238273
621032702
618442769
616262186
618240396
618240395
615976734
618394830
613538688
616990173
600736656
602704286
618233424
616545822
617202456
614934406
618294012
617046477
607567858
625341419
611260213
616693331
616545875
600683425
619695733
618404005
617312493
616058369
618796764
618428616
618233436
618442932
616233780
608528951
618228970
617478534
643034936
604433033
617392242
618137666
615782743
603666095
617363584
618626099
625615167
600605016
643034815
600854573
616626422
618229436
617338500
617263572
617432015
615577439
617338768
617209720
600849319
607551813
617977572
607567792
607567797
617087834
617209628
602272550
600933328
600133075
600768363
617435154
637602338
611408820
618293614
600925713
600925712
617051740
616183686
618611299
616261819
604028942
618394745
604030340
618367805
600112667
602575159
618240434
617433428
617478547
630850609
616731330
616731333
616731336
617285196
618533643
611563817
618854475
601194288
615757202
614089591
600874782
608080375
601803202
615950743
618001710
630701034
630701032
617259313
630950319
630950317
613658956
618371105
618427802
614942409
618009041
601627912
618797011
601812059
617425032
618806614
617431898
600485656
630093380
643032865
643032861
