616739453
600767610
631029847
618455353
601662363
617932947
616739527
616739523
601401476
618407817
600573840
615993002
614952047
616677283
616827090
601535609
614083757
607241762
615950738
616219603
616219916
616025414
630480512
613644702
618867581
617056413
616715610
616581701
616545893
617374718
602542833
621339801
603666094
600802697
615983230
615950736
637383556
618428473
614942267
642067850
615725798
607574740
601201953
618428602
604029504
607624108
603725383
611201456
607560537
608723295
601475351
613658571
601452171
615808276
601747134
601117613
600557107
619387697
601627907
601789460
615744639
623146354
618867614
638051950
615976332
600489785
618626103
616714490
644869608
601070995
601253477
617418321
618778992
600108384
614114785
617202447
603461746
603185612
639314473
616826349
604092440
617046036
617197414
615992991
600021468
601812057
603054550
629259170
614941225
617045756
618232758
617202453
618240336
617408167
617209502
618360768
643032867
617328663
617312985
604631998
607567692
613870774
615669502
601392822
613941344
614952029
600698319
641139633
600925991
615787385
600890455
608233721
602911212
607560192
607560197
602115806
603585841
611517206
618230769
644844755
616344451
617209488
617046803
615976324
614942094
617105996
617136853
601067838
616739446
616487534
601005860
601032869
607238514
600310929
616722884
617424690
607257860
601517714
615725938
617047987
617328693
615577476
641145589
617339516
618381484
617132951
613940561
615886553
641139806
600618148
643032859
603572501
607324380
617300117
617432790
616359463
602877520
603717127
600924225
602273588
601246665
643033558
616529461
600738935
603323995
615963139
637590079
611530802
608193363
616739365
608571328
611132794
600898105
614005765
602071687
617045728
618880112
618880117
618428503
603247429
607710626
618906924
602716705
600419251
602878813
618363425
601157367
607567783
603267236
616714551
600984850
615614277
613663904
618595493
602869496
616739358
615950750
603663645
618365953
601249421
618407283
611408825
618699241
601203080
617159274
619041511
601838223
601033989
618293430
611551598
600924214
600751562
618360628
613568144
600930240
603725042
618230782
616307717
607187501
614971468
616391667
618203634
603797071
617305505
618796956
601096184
618428728
615962905
636791834
616739376
616252331
616262200
618428488
613970139
607548350
600584930
613870582
616581393
608421779
607241287
602881668
617323738
614972393
617132809
607260308
618366789
643032877
614286909
600349588
