616959324
616392229
601090811
618455364
608125199
618471731
601200721
621872604
600922940
617373016
618442703
630039439
615705498
617340341
644346623
618230797
641145382
636930393
618394384
603579167
618300045
601636789
618835054
637496596
608796515
601069463
618835686
616309671
602834705
636872923
607468731
600484639
618240559
600796915
601287783
615706036
611265204
600614099
645590939
601045019
618394704
601535608
600698816
602934066
601263493
618429300
615950774
616879287
617324757
618392411
616885598
600598471
618230821
623527756
613943439
610702558
601044013
616703320
611260121
616739327
603071788
617325381
637590055
643035213
608173284
603376170
604502117
617203293
644067065
602872225
604007894
643033557
600424698
600933327
608332075
616722140
604500118
607134743
600768362
636676095
601726887
616715922
618961007
644093302
616545824
643699261
602902756
607301059
636566034
607199574
619111596
615707884
617431782
618240461
601251937
617421610
615577542
601664757
602258027
618409015
603800303
607567842
617981870
618004762
615658883
600021531
613870795
617379841
618880578
618232505
616828968
626357821
601200720
609711601
616528483
623685603
613997690
616722903
600023106
618835021
608442418
600925931
636464045
618240382
616307719
607646533
600623926
600877382
618797052
601660169
613621105
616625048
617209731
618112464
618411365
601045326
608263425
601400081
610988898
600614251
637601559
616829590
638051989
643032966
636464053
636464052
611408824
617310691
616293916
618342695
617333961
617978476
602236925
643033334
608306220
617055203
616528250
616703770
602054519
618779841
602862398
611293933
618367499
600105063
608080381
603662908
604026685
601031760
617430993
635535126
601204443
611294343
610787464
615872753
601262829
600763232
616630701
618367458
607575012
600026474
603587463
600035914
616800665
617508750
603797050
618834977
618834972
637474942
604027265
645610198
600850049
600204229
617238757
616438370
602819824
611260180
603724814
613914922
601734146
616434126
600772483
636765594
615962966
617238884
617425045
618464641
639529617
616292707
619383195
617209546
618471508
618796700
603144363
618365962
618625351
619111153
602891085
600018463
602139524
600925929
600765681
601288280
622275472
600710935
616722905
611551983
600882240
600857561
600021388
604511763
604511762
601726782
617418286
600852965
639178419
638927479
601104717
616307278
617209614
643923614
603886532
610286666
618293538
614942353
601668445
618420021
642304484
615653341
616124047
618763414
613870407
616722759
600617077
600405311
600271781
602060380
629081412
608125326
601116878
601130771
618867497
630448578
603461657
601279102
