618789333
615654163
616826834
638965581
628506049
643511247
613809663
615599631
613621191
616925243
616359197
601076554
601148633
616703942
636792693
633190037
600397763
616708933
616198234
616485525
619111635
616580179
617431680
616581717
615692709
608436430
604032112
623029027
610988890
616094434
644208417
625290150
616683657
611063074
611203024
608442440
608569231
618339104
637667205
628530854
618408541
618360971
616391691
617045981
617045984
616485716
602796462
601216618
603146839
607673954
639479053
607660636
600024472
601909425
626939328
615658981
618394372
616920338
613794730
624972022
618728309
621291403
608292987
611408750
618360848
637894613
613869585
614933453
641141616
616464868
616800703
600751864
608725738
617294771
603665710
616566502
615744326
618499711
608071909
616260323
616287290
615792261
622177875
614930062
640490249
623772368
630038746
636049160
636049162
603797092
609727800
601084516
613552253
617312996
600129490
630533005
602571321
618816121
616827472
610287498
618247262
615830296
603207127
616919156
616359267
619107375
601773828
603412170
608766856
616787277
618408552
600348690
624966035
639947478
601053715
601883361
603178959
608485560
609737335
616625044
621829354
615779593
611153562
611154208
608306463
618906416
618778893
616605865
601726765
616904924
616739537
615994128
616826438
601084137
604023514
617046985
624963759
616292710
617048326
616903206
616479268
618226974
611333452
645331027
613943443
601278485
618240473
611382252
613538703
607632926
604085454
604085453
616359344
642395998
617047124
628106954
616464735
608532823
616434909
624966560
640493532
629910361
630051057
604324770
601229369
619695715
601161442
617932955
608669876
616644599
607100069
624982958
641818941
617357272
607095891
643731899
601056112
615700749
627998661
617054092
602258202
616623443
615892961
616549001
629359274
617025072
636091067
643033327
643033329
