614925154
603100986
604033556
614933536
601168817
631337682
617294654
601157471
604500119
615804063
617294316
616624159
601670726
615842455
600938742
616608264
607324366
617046625
619559628
604485523
616548642
600325283
637591097
609711938
614285731
617046517
619107379
617055794
616545858
618796812
643035258
600279156
614943552
601364497
602800515
600629529
600430000
613970902
607263437
615904657
625826125
601659163
600800812
600804949
600796274
616800661
607661939
611111482
600795041
615727614
617169783
614138650
615692760
601157756
616220100
616114501
618411840
616094475
614065575
630018930
617339776
629708313
640242443
617202248
607133988
604081835
617435122
643034816
617435123
616904033
643739707
617435034
604030451
637119173
623772370
618525067
624075877
615753581
616474923
615779528
616064692
609712025
603742846
643033555
618471288
600930704
639355343
616117857
618873952
614138635
623492247
616804413
600475015
644880518
617419834
600850032
617078582
616804566
617144830
600799718
644800643
616474641
616464797
618361030
618769219
617045371
600012464
601784249
600590952
618769863
630209951
604337663
622138323
616990162
630033284
613764803
630703166
612044889
604024349
615894627
644798353
613858577
618004730
643779071
616625899
618358780
616527634
616464724
614054338
627299059
637289491
616261773
602092862
616114601
630315364
604032633
616095521
604031718
617055236
615743808
615647194
637291559
641145557
637139937
600919330
617432447
618239244
607560298
621326449
613666201
623492246
623492249
600938761
623571182
613870315
604473564
616087654
618360979
643034748
601137732
617978489
637315783
604024158
616464841
604024352
607096082
616527595
617435159
617982205
614054221
616523702
601258637
613976857
618340111
618427842
613538717
618641423
618730584
623015705
600853093
602212708
618366232
639355350
601200198
600035728
614968966
614968965
601490849
627970962
600882249
602280357
618862003
616219455
614969077
616081995
621243817
621243812
602799756
638051998
630032886
600925963
600925935
600404454
615726434
617325370
618641198
615705477
618442689
600822140
616464794
604485524
607095895
618360801
608797230
617404646
600292695
613571877
632564178
615993095
641142413
617045488
608081174
638911336
602889090
616169418
600026534
617072082
643785290
600025981
601529350
621512328
639411971
600559926
616667169
637318910
601202808
603076388
614054054
617055404
601108605
603105717
616623377
616157723
600033860
600622312
616977389
602797116
618384438
618762644
601092238
618387771
600365158
618497166
