615982460
607549932
614005754
627108738
601442613
616005929
616722947
608699001
640073084
607560205
616625573
614083825
608213930
641145039
603976033
642304473
611288405
607561050
603717086
616722742
616739460
615983409
607077564
603797041
618338886
616383160
614147416
619107153
619107159
617197468
601382442
600087842
616259551
603086285
637797602
611399329
615268895
644971560
643033343
607641606
601240288
615792331
615872755
614026270
607199543
616224179
636138223
602049833
624966101
616058296
601169559
616920055
621415274
616234004
611147041
641145433
616293910
619025388
616903209
643033337
611001175
603209918
615982498
618796280
616827566
618786327
629910365
619107090
615994160
613743860
617045306
611527253
639479553
601377618
604597727
618471776
630047874
614969528
607097827
618746307
613912479
616260421
618240777
602856224
643034319
638430848
600584931
608082674
619107312
612025769
615761192
631029845
601527165
603743964
613610427
611139281
602850388
637239616
604463969
611382257
613645029
617203341
615680419
618933597
607300608
608447245
613547120
641177487
611293944
624966220
607201792
604439016
617209621
616621673
601392698
600526300
616827005
637793763
618919408
604524834
614965490
637797554
615804094
617055721
618779212
606954438
602704295
615692347
611153529
618634610
616358337
616708962
627283150
608124415
619105617
607201803
607198512
611552380
616433986
608549640
618941118
615804055
616621733
616711039
616826823
618727856
616343943
617197423
615995863
616708936
637691421
602776192
619111346
611063418
613874071
607247690
616874516
607620866
603357037
603724612
604557074
616388418
603383279
629924786
618342761
611381381
637746073
607560221
607560224
617058166
607560381
604441148
639355376
611197533
601278630
604023761
601276518
611476236
616434153
614138619
603714368
619611166
617385336
604001361
620908087
604033079
615573211
618464715
615003442
611331832
618878817
618878818
643033782
618342584
613547013
618340616
616359331
616485390
615893728
636121170
616434061
644208238
636184704
616739581
604505671
607231272
601224919
603797086
641141336
610732340
603583414
603965581
619111498
610287489
618961087
615003453
602907195
617197417
616722177
643034333
621332985
611153586
618730875
616751661
607199436
619107326
602590577
603319815
618617072
618240875
600035732
602258086
618364486
616581301
607560237
600022224
616826530
617432712
616827105
616609348
615962976
613664086
617047203
617055155
617385324
636091065
636091066
616623148
618347497
616722828
611190704
603927534
600842782
608306146
611152103
619111350
613869599
604335497
613613423
602880453
630047388
608541261
643419667
637474872
603965580
603119162
616745405
616745406
611594815
608161787
618228604
618729474
636091071
619378759
601166668
607186849
617238569
640341484
637600987
637225617
624899615
619106964
601564603
635838982
602080037
612015811
601531259
616826465
621142319
616433930
618880852
611489646
615982638
643030928
609718443
643030926
615826498
637745264
626350801
601750218
601201511
