601336311
608456033
614121658
614943700
613645012
615724913
616959320
611001168
601532943
638161573
600672880
600672881
613870788
616392046
600813649
615895763
616580640
602151143
624899563
611129786
644844668
616800708
640493498
617324787
607567841
601566257
616293881
630033693
618763420
618763427
613870837
616260298
608427188
601603109
600624276
600624277
631194613
630032478
618361021
628531096
618376837
607237116
617046617
615816037
603376002
616936497
601085938
638911393
617432514
603579173
618411434
616391698
617197307
643034905
617312540
623102463
617124718
607069950
636107245
614961982
638579303
601302179
614247536
607567799
607567793
618240338
617159905
618240335
624792889
644437195
616359078
616359052
615749243
615892191
618480844
600622317
601147282
602705775
617435191
616433993
615725369
624966635
616309646
619482231
625480026
616059851
618365983
617105382
604032613
621510192
639529623
641139799
601172489
637590357
616528486
600381826
601090836
616234183
616392098
641139702
603083895
607324373
607324378
618294051
618001736
617055127
601137774
618427810
600850088
600848270
607324364
623012841
611151038
611151035
616082126
601067313
609711987
600628797
600925948
617046889
616234611
613766402
600225649
618695783
616686294
603018227
636763563
617209670
616292703
616701319
615840481
601783442
618386617
616740913
615725943
608121646
640493868
618779482
642659068
601261681
618404003
618494545
613654124
616891325
618796403
638911337
616040023
602290030
618419368
617393279
625279613
604023502
615976298
640073401
618436112
615870206
614952716
616622121
616433989
600854179
616739555
618427797
626341853
602092933
600813648
644662212
609725551
613940471
616988151
601169279
618436129
618807985
613743866
618296672
614005741
616485439
616529455
624899881
617255316
604409280
603290202
617045392
618766887
603290336
616039734
616904079
622177871
607704685
616727783
614940628
623492244
600011301
618386601
618855463
613870760
618762855
618432537
626479147
616885578
600262953
601230047
602129109
600155760
616180259
600695246
602817709
611400196
617374528
600021293
617046807
601294463
618762990
603780699
603780697
615570017
618682989
619057953
600624405
600969740
617373157
637302165
616581432
617055650
621508975
615625034
616464771
614140568
613611183
608387659
