624876827
604342240
618867561
640003400
616940123
616052215
616233315
600530937
614140653
622275473
617203249
615003393
615837788
600425758
622493075
607187785
607248381
630069043
616545886
618112396
618888307
619092435
643727602
600801181
643033342
601357904
615749359
604024146
613659032
614972324
639903929
611382258
627681067
615977794
618436134
601627913
618796636
600548092
616739306
618419549
615840263
616080217
619041377
615993114
616609343
616113401
621238728
616739630
613543857
615722657
618699245
637127262
639663777
615705833
614965716
615654823
618408536
616625052
616722899
636049158
604027893
619482229
619482228
632497967
607104865
607104864
602172743
617209587
613644681
616738249
643034360
617203252
608669920
615816023
617193762
616950407
617203534
613870767
604024174
604307565
600770302
608698997
600487208
601150725
632497968
616472276
617193872
614072642
613723027
623019333
640086914
640086913
618525787
615676905
614934372
615045009
603976034
617323750
602486801
629142644
616722912
618367815
644208372
613612875
616724186
613621464
614965494
621709769
615659266
606924086
618651936
618500114
604296041
618740813
616421268
637507908
618383769
618714727
614089556
611467146
611467142
617357303
600956905
616677043
600850034
617046990
601247213
616196060
601253063
619087658
616112264
616948927
618867526
625615168
637401999
616431778
644457628
602803133
618624993
618271324
621501287
600349210
601782712
614569886
601169606
613664023
619482232
619482233
611132167
637797508
615658725
618741220
626342350
600665389
616717611
618763392
616625972
601223212
617047983
616474568
613764596
643035294
614972401
615817878
607661682
626316073
615576025
618934118
638965575
615707890
637350284
617045971
616623137
616358816
600856312
618867513
602720309
637139980
618752035
602092932
604409372
614933120
600672871
616713586
616713583
614295351
613991087
629504482
616618107
618240369
617045952
601749547
641142050
615704322
617281472
601033934
624963789
616739671
615877085
616701305
604058461
621496857
611530832
